,Date,Цена на арматуру,Индекс стоимости грузоперевозок,Производство арматуры Сортовой прокат_Арматура,Производство арматуры Сортовой прокат_Катанка,Производство арматуры Сортовой прокат_Прутки прочие,Производство сырья ЖРС_Агломерат,Производство сырья ЖРС_Аглоруда,Производство сырья ЖРС_Концентрат,Производство сырья ЖРС_Концентрат для дообогащения,Производство сырья ЖРС_Окатыши,Производство сырья Кокс_Кокс валовый,Производство сырья Концентрат коксующегося угля_Жирные,Производство сырья Концентрат коксующегося угля_Коксовые,Производство сырья Концентрат коксующегося угля_Отощающие,Производство сырья Металлизованная продукция_ГБЖ,Производство сырья Металлизованная продукция_ПВЖ,Производство сырья Рядовой коксующийся уголь_Газовые,Производство сырья Рядовой коксующийся уголь_Жирные,Производство сырья Рядовой коксующийся уголь_Коксовые,Производство сырья Рядовой коксующийся уголь_Отощающие,Производство сырья Сталь_Конвертер,Производство сырья Сталь_Мартен,Производство сырья Сталь_Сталь всего,Производство сырья Сталь_Электропечь,Производство сырья Чугун_Чугун,ПотреблениеЖРС_Концентрат,ПотреблениеЖРС_Агломерат,ПотреблениеЖРС_Окатыши,ПотреблениеЖРС_Концентрат для дообогащения,ПотреблениеЖРС_Аглоруда,Поставки Сортовой прокат_Арматура,Поставки Сортовой прокат_Катанка,Поставки Сортовой прокат_Прутки прочие,Поставки Концентрат коксующегося угля_Жирные,Поставки Концентрат коксующегося угля_Коксовые,Поставки Концентрат коксующегося угля_Отощающие,Поставки Кокс_Кокс доменный,Поставки Чугун_Литейный чугун,Поставки Чугун_Передельный чугун,Поставки ЖРС_Агломерат,Поставки ЖРС_Аглоруда,Поставки ЖРС_Концентрат,Поставки ЖРС_Концентрат для дообогащения,Поставки ЖРС_Окатыши,Спрос ЖРС_Аглоруда,Спрос ЖРС_Концентрат,Спрос ЖРС_Окатыши,Спрос Металлизованная продукция_ГБЖ,Спрос Кокс_Кокс доменный,Спрос Концентрат коксующегося угля_Жирные,Спрос Концентрат коксующегося угля_Коксовые,Импорт сырья ЖРС_Концентрат,Импорт сырья ЖРС_Окатыши,Импорт сырья Концентрат коксующегося угля_Коксовые,Импорт арматуры Сортовой прокат_Арматура,Импорт арматуры Сортовой прокат_Катанка,Импорт арматуры Сортовой прокат_Прутки прочие,Экспорт сырья ЖРС_Концентрат,Экспорт сырья ЖРС_Окатыши,Экспорт сырья Кокс_Кокс доменный,Экспорт сырья Кокс_Мелочь коксовая,Экспорт сырья Кокс_Орешек коксовый,Экспорт сырья Концентрат коксующегося угля_Жирные,Экспорт сырья Концентрат коксующегося угля_Коксовые,Экспорт сырья Чугун_Передельный чугун,Экспорт арматуры Сортовой прокат_Арматура,Экспорт арматуры Сортовой прокат_Катанка,Экспорт арматуры Сортовой прокат_Прутки прочие
0,2017-09-11,39600,1000.0,667,241,265,5001,512,9486,526,4299,2353,2723,2386,315,379,266,336,3701,2125,1387,3928,159,6101,2014,4317,3610,368,2606,480,507,581,166,193,1399,1601,94,412,1,37,368,507,3125,480,2380,507,3610,2605,122,423,1606,1395,485,225,63,70.0,9.0,10.0,195,196,0,0,0,99,64,0,87,75,72
1,2017-09-18,38800,991.0,667,241,265,5001,512,9486,526,4299,2353,2723,2386,315,379,266,336,3701,2125,1387,3928,159,6101,2014,4317,3610,368,2606,480,507,581,166,193,1399,1601,94,412,1,37,368,507,3125,480,2380,507,3610,2605,122,423,1606,1395,485,225,63,70.0,9.0,10.0,195,196,0,0,0,99,64,0,87,75,72
2,2017-09-25,38800,992.0,667,241,265,5001,512,9486,526,4299,2353,2723,2386,315,379,266,336,3701,2125,1387,3928,159,6101,2014,4317,3610,368,2606,480,507,581,166,193,1399,1601,94,412,1,37,368,507,3125,480,2380,507,3610,2605,122,423,1606,1395,485,225,63,70.0,9.0,10.0,195,196,0,0,0,99,64,0,87,75,72
3,2017-10-02,37500,979.0,704,264,266,5084,499,9474,528,4572,2354,2701,2386,374,364,171,422,3741,2190,1172,4004,155,6181,2022,4394,3799,353,2520,511,477,626,185,189,1471,1662,96,477,2,52,353,478,3364,511,2321,478,3799,2521,99,491,1643,1491,435,200,47,83.0,10.0,10.0,239,282,0,0,0,55,123,0,91,82,76
4,2017-10-09,37000,985.0,704,264,266,5084,499,9474,528,4572,2354,2701,2386,374,364,171,422,3741,2190,1172,4004,155,6181,2022,4394,3799,353,2520,511,477,626,185,189,1471,1662,96,477,2,52,353,478,3364,511,2321,478,3799,2521,99,491,1643,1491,435,200,47,83.0,10.0,10.0,239,282,0,0,0,55,123,0,91,82,76
5,2017-10-16,35800,962.0,704,264,266,5084,499,9474,528,4572,2354,2701,2386,374,364,171,422,3741,2190,1172,4004,155,6181,2022,4394,3799,353,2520,511,477,626,185,189,1471,1662,96,477,2,52,353,478,3364,511,2321,478,3799,2521,99,491,1643,1491,435,200,47,83.0,10.0,10.0,239,282,0,0,0,55,123,0,91,82,76
6,2017-10-23,33800,950.0,704,264,266,5084,499,9474,528,4572,2354,2701,2386,374,364,171,422,3741,2190,1172,4004,155,6181,2022,4394,3799,353,2520,511,477,626,185,189,1471,1662,96,477,2,52,353,478,3364,511,2321,478,3799,2521,99,491,1643,1491,435,200,47,83.0,10.0,10.0,239,282,0,0,0,55,123,0,91,82,76
7,2017-10-30,31500,953.0,704,264,266,5084,499,9474,528,4572,2354,2701,2386,374,364,171,422,3741,2190,1172,4004,155,6181,2022,4394,3799,353,2520,511,477,626,185,189,1471,1662,96,477,2,52,353,478,3364,511,2321,478,3799,2521,99,491,1643,1491,435,200,47,83.0,10.0,10.0,239,282,0,0,0,55,123,0,91,82,76
8,2017-11-06,30000,951.0,672,259,244,4784,474,9168,556,4542,2290,2825,2259,274,384,228,308,3640,2158,1126,3871,153,5965,1939,4279,3559,376,2505,403,470,555,162,176,1521,1541,76,426,0,35,376,471,3135,404,2332,471,3560,2509,94,438,1692,1370,425,175,68,83.0,18.0,8.0,209,489,0,0,0,93,129,0,113,98,66
9,2017-11-13,32500,955.0,672,259,244,4784,474,9168,556,4542,2290,2825,2259,274,384,228,308,3640,2158,1126,3871,153,5965,1939,4279,3559,376,2505,403,470,555,162,176,1521,1541,76,426,0,35,376,471,3135,404,2332,471,3560,2509,94,438,1692,1370,425,175,68,83.0,18.0,8.0,209,489,0,0,0,93,129,0,113,98,66
10,2017-11-20,32500,947.0,672,259,244,4784,474,9168,556,4542,2290,2825,2259,274,384,228,308,3640,2158,1126,3871,153,5965,1939,4279,3559,376,2505,403,470,555,162,176,1521,1541,76,426,0,35,376,471,3135,404,2332,471,3560,2509,94,438,1692,1370,425,175,68,83.0,18.0,8.0,209,489,0,0,0,93,129,0,113,98,66
11,2017-11-27,32000,939.0,672,259,244,4784,474,9168,556,4542,2290,2825,2259,274,384,228,308,3640,2158,1126,3871,153,5965,1939,4279,3559,376,2505,403,470,555,162,176,1521,1541,76,426,0,35,376,471,3135,404,2332,471,3560,2509,94,438,1692,1370,425,175,68,83.0,18.0,8.0,209,489,0,0,0,93,129,0,113,98,66
12,2017-12-04,31500,952.0,564,186,268,4979,422,9470,487,4503,2509,2893,2395,276,336,284,299,4205,2191,1104,3819,144,5962,1997,4330,3499,346,2519,516,426,484,155,177,1444,1679,63,413,1,32,346,426,3044,516,2320,426,3499,2522,74,422,1618,1506,455,200,81,66.0,4.0,8.0,185,425,7,6,0,80,99,0,78,32,94
13,2017-12-11,31700,948.0,564,186,268,4979,422,9470,487,4503,2509,2893,2395,276,336,284,299,4205,2191,1104,3819,144,5962,1997,4330,3499,346,2519,516,426,484,155,177,1444,1679,63,413,1,32,346,426,3044,516,2320,426,3499,2522,74,422,1618,1506,455,200,81,66.0,4.0,8.0,185,425,7,6,0,80,99,0,78,32,94
14,2017-12-18,31800,958.0,564,186,268,4979,422,9470,487,4503,2509,2893,2395,276,336,284,299,4205,2191,1104,3819,144,5962,1997,4330,3499,346,2519,516,426,484,155,177,1444,1679,63,413,1,32,346,426,3044,516,2320,426,3499,2522,74,422,1618,1506,455,200,81,66.0,4.0,8.0,185,425,7,6,0,80,99,0,78,32,94
15,2017-12-25,34600,970.0,564,186,268,4979,422,9470,487,4503,2509,2893,2395,276,336,284,299,4205,2191,1104,3819,144,5962,1997,4330,3499,346,2519,516,426,484,155,177,1444,1679,63,413,1,32,346,426,3044,516,2320,426,3499,2522,74,422,1618,1506,455,200,81,66.0,4.0,8.0,185,425,7,6,0,80,99,0,78,32,94
16,2018-01-01,35600,988.0,497,184,243,4855,379,8969,478,4484,2282,2692,2180,428,362,274,510,3749,2054,1135,4030,156,5994,1807,4422,3755,407,2765,411,366,381,144,167,1492,1524,72,410,2,43,408,365,3303,410,2566,365,3758,2766,92,421,1678,1339,455,200,68,66.0,8.0,11.0,168,457,0,0,0,40,80,0,117,40,79
17,2018-01-08,35600,1006.0,497,184,243,4855,379,8969,478,4484,2282,2692,2180,428,362,274,510,3749,2054,1135,4030,156,5994,1807,4422,3755,407,2765,411,366,381,144,167,1492,1524,72,410,2,43,408,365,3303,410,2566,365,3758,2766,92,421,1678,1339,455,200,68,66.0,8.0,11.0,168,457,0,0,0,40,80,0,117,40,79
18,2018-01-15,35600,953.0,497,184,243,4855,379,8969,478,4484,2282,2692,2180,428,362,274,510,3749,2054,1135,4030,156,5994,1807,4422,3755,407,2765,411,366,381,144,167,1492,1524,72,410,2,43,408,365,3303,410,2566,365,3758,2766,92,421,1678,1339,455,200,68,66.0,8.0,11.0,168,457,0,0,0,40,80,0,117,40,79
19,2018-01-22,35300,927.0,497,184,243,4855,379,8969,478,4484,2282,2692,2180,428,362,274,510,3749,2054,1135,4030,156,5994,1807,4422,3755,407,2765,411,366,381,144,167,1492,1524,72,410,2,43,408,365,3303,410,2566,365,3758,2766,92,421,1678,1339,455,200,68,66.0,8.0,11.0,168,457,0,0,0,40,80,0,117,40,79
20,2018-01-29,34500,940.0,497,184,243,4855,379,8969,478,4484,2282,2692,2180,428,362,274,510,3749,2054,1135,4030,156,5994,1807,4422,3755,407,2765,411,366,381,144,167,1492,1524,72,410,2,43,408,365,3303,410,2566,365,3758,2766,92,421,1678,1339,455,200,68,66.0,8.0,11.0,168,457,0,0,0,40,80,0,117,40,79
21,2018-02-05,33700,925.0,630,215,253,5240,401,9469,467,4627,2314,2539,2314,353,407,287,404,3806,2057,1244,4132,176,6290,1981,4603,4021,412,2858,397,378,454,149,181,1461,1766,67,464,0,69,412,379,3573,397,2661,379,4023,2861,87,476,1666,1562,450,200,44,69.0,29.0,7.0,102,486,27,0,2,28,75,0,178,68,75
22,2018-02-12,34000,919.0,630,215,253,5240,401,9469,467,4627,2314,2539,2314,353,407,287,404,3806,2057,1244,4132,176,6290,1981,4603,4021,412,2858,397,378,454,149,181,1461,1766,67,464,0,69,412,379,3573,397,2661,379,4023,2861,87,476,1666,1562,450,200,44,69.0,29.0,7.0,102,486,27,0,2,28,75,0,178,68,75
23,2018-02-19,33900,916.0,630,215,253,5240,401,9469,467,4627,2314,2539,2314,353,407,287,404,3806,2057,1244,4132,176,6290,1981,4603,4021,412,2858,397,378,454,149,181,1461,1766,67,464,0,69,412,379,3573,397,2661,379,4023,2861,87,476,1666,1562,450,200,44,69.0,29.0,7.0,102,486,27,0,2,28,75,0,178,68,75
24,2018-02-26,32700,926.0,630,215,253,5240,401,9469,467,4627,2314,2539,2314,353,407,287,404,3806,2057,1244,4132,176,6290,1981,4603,4021,412,2858,397,378,454,149,181,1461,1766,67,464,0,69,412,379,3573,397,2661,379,4023,2861,87,476,1666,1562,450,200,44,69.0,29.0,7.0,102,486,27,0,2,28,75,0,178,68,75
25,2018-03-05,32900,941.0,530,205,240,5223,400,9382,485,4761,2370,2482,2063,255,425,286,282,3764,1798,1175,4061,133,6171,1978,4530,3791,391,2823,346,395,418,156,173,1334,1519,61,436,1,29,391,395,3376,346,2662,395,3791,2822,86,449,1541,1313,415,160,21,84.0,5.0,6.0,142,676,29,0,3,29,24,0,113,49,66
26,2018-03-12,33300,941.0,530,205,240,5223,400,9382,485,4761,2370,2482,2063,255,425,286,282,3764,1798,1175,4061,133,6171,1978,4530,3791,391,2823,346,395,418,156,173,1334,1519,61,436,1,29,391,395,3376,346,2662,395,3791,2822,86,449,1541,1313,415,160,21,84.0,5.0,6.0,142,676,29,0,3,29,24,0,113,49,66
27,2018-03-19,33600,934.0,530,205,240,5223,400,9382,485,4761,2370,2482,2063,255,425,286,282,3764,1798,1175,4061,133,6171,1978,4530,3791,391,2823,346,395,418,156,173,1334,1519,61,436,1,29,391,395,3376,346,2662,395,3791,2822,86,449,1541,1313,415,160,21,84.0,5.0,6.0,142,676,29,0,3,29,24,0,113,49,66
28,2018-03-26,34800,933.0,530,205,240,5223,400,9382,485,4761,2370,2482,2063,255,425,286,282,3764,1798,1175,4061,133,6171,1978,4530,3791,391,2823,346,395,418,156,173,1334,1519,61,436,1,29,391,395,3376,346,2662,395,3791,2822,86,449,1541,1313,415,160,21,84.0,5.0,6.0,142,676,29,0,3,29,24,0,113,49,66
29,2018-04-02,36100,944.0,491,204,248,4595,395,8537,508,4247,2046,2479,2053,287,375,253,306,3458,1857,1226,3533,173,5542,1837,3989,3593,365,2455,472,340,389,165,176,1305,1413,65,373,3,41,365,341,3203,472,2324,341,3593,2454,94,386,1493,1227,390,130,10,66.0,21.0,6.0,205,415,28,0,2,112,146,0,103,41,76
30,2018-04-09,36100,956.0,491,204,248,4595,395,8537,508,4247,2046,2479,2053,287,375,253,306,3458,1857,1226,3533,173,5542,1837,3989,3593,365,2455,472,340,389,165,176,1305,1413,65,373,3,41,365,341,3203,472,2324,341,3593,2454,94,386,1493,1227,390,130,10,66.0,21.0,6.0,205,415,28,0,2,112,146,0,103,41,76
31,2018-04-16,35900,940.0,491,204,248,4595,395,8537,508,4247,2046,2479,2053,287,375,253,306,3458,1857,1226,3533,173,5542,1837,3989,3593,365,2455,472,340,389,165,176,1305,1413,65,373,3,41,365,341,3203,472,2324,341,3593,2454,94,386,1493,1227,390,130,10,66.0,21.0,6.0,205,415,28,0,2,112,146,0,103,41,76
32,2018-04-23,35900,927.0,491,204,248,4595,395,8537,508,4247,2046,2479,2053,287,375,253,306,3458,1857,1226,3533,173,5542,1837,3989,3593,365,2455,472,340,389,165,176,1305,1413,65,373,3,41,365,341,3203,472,2324,341,3593,2454,94,386,1493,1227,390,130,10,66.0,21.0,6.0,205,415,28,0,2,112,146,0,103,41,76
33,2018-04-30,36400,932.0,491,204,248,4595,395,8537,508,4247,2046,2479,2053,287,375,253,306,3458,1857,1226,3533,173,5542,1837,3989,3593,365,2455,472,340,389,165,176,1305,1413,65,373,3,41,365,341,3203,472,2324,341,3593,2454,94,386,1493,1227,390,130,10,66.0,21.0,6.0,205,415,28,0,2,112,146,0,103,41,76
34,2018-05-07,37900,961.0,621,237,275,4884,391,9597,583,4866,2282,2959,2203,374,435,286,335,4090,2041,1284,4107,140,6322,2076,4470,3938,347,2579,469,368,497,182,183,1507,1517,137,425,1,46,347,368,3507,469,2449,368,3937,2579,74,434,1755,1272,430,130,0,61.0,22.0,7.0,299,264,29,0,4,189,145,53,125,54,90
35,2018-05-14,37700,931.0,621,237,275,4884,391,9597,583,4866,2282,2959,2203,374,435,286,335,4090,2041,1284,4107,140,6322,2076,4470,3938,347,2579,469,368,497,182,183,1507,1517,137,425,1,46,347,368,3507,469,2449,368,3937,2579,74,434,1755,1272,430,130,0,61.0,22.0,7.0,299,264,29,0,4,189,145,53,125,54,90
36,2018-05-21,37900,932.0,621,237,275,4884,391,9597,583,4866,2282,2959,2203,374,435,286,335,4090,2041,1284,4107,140,6322,2076,4470,3938,347,2579,469,368,497,182,183,1507,1517,137,425,1,46,347,368,3507,469,2449,368,3937,2579,74,434,1755,1272,430,130,0,61.0,22.0,7.0,299,264,29,0,4,189,145,53,125,54,90
37,2018-05-28,37900,954.0,621,237,275,4884,391,9597,583,4866,2282,2959,2203,374,435,286,335,4090,2041,1284,4107,140,6322,2076,4470,3938,347,2579,469,368,497,182,183,1507,1517,137,425,1,46,347,368,3507,469,2449,368,3937,2579,74,434,1755,1272,430,130,0,61.0,22.0,7.0,299,264,29,0,4,189,145,53,125,54,90
38,2018-06-04,37600,956.0,594,223,273,4922,387,9459,451,4869,2134,2677,2359,283,413,277,293,3980,2031,1223,3899,137,6131,2096,4332,3951,375,2775,425,328,501,182,187,1391,1513,85,410,2,57,375,327,3467,425,2594,327,3952,2774,74,418,1604,1300,485,180,21,38.0,14.0,8.0,235,530,29,2,9,147,159,0,92,40,87
39,2018-06-11,37400,971.0,594,223,273,4922,387,9459,451,4869,2134,2677,2359,283,413,277,293,3980,2031,1223,3899,137,6131,2096,4332,3951,375,2775,425,328,501,182,187,1391,1513,85,410,2,57,375,327,3467,425,2594,327,3952,2774,74,418,1604,1300,485,180,21,38.0,14.0,8.0,235,530,29,2,9,147,159,0,92,40,87
40,2018-06-18,37400,969.0,594,223,273,4922,387,9459,451,4869,2134,2677,2359,283,413,277,293,3980,2031,1223,3899,137,6131,2096,4332,3951,375,2775,425,328,501,182,187,1391,1513,85,410,2,57,375,327,3467,425,2594,327,3952,2774,74,418,1604,1300,485,180,21,38.0,14.0,8.0,235,530,29,2,9,147,159,0,92,40,87
41,2018-06-25,37100,968.0,594,223,273,4922,387,9459,451,4869,2134,2677,2359,283,413,277,293,3980,2031,1223,3899,137,6131,2096,4332,3951,375,2775,425,328,501,182,187,1391,1513,85,410,2,57,375,327,3467,425,2594,327,3952,2774,74,418,1604,1300,485,180,21,38.0,14.0,8.0,235,530,29,2,9,147,159,0,92,40,87
42,2018-07-02,37100,976.0,680,268,254,5023,439,9708,526,4916,2217,2584,2245,283,430,286,264,3686,2008,1416,3908,133,6200,2160,4255,3843,420,2866,410,438,577,215,182,1382,1463,79,383,2,37,421,438,3354,410,2716,438,3844,2866,80,389,1597,1248,490,150,35,84.0,17.0,10.0,198,636,16,4,7,55,116,0,102,54,70
43,2018-07-09,37200,1003.0,680,268,254,5023,439,9708,526,4916,2217,2584,2245,283,430,286,264,3686,2008,1416,3908,133,6200,2160,4255,3843,420,2866,410,438,577,215,182,1382,1463,79,383,2,37,421,438,3354,410,2716,438,3844,2866,80,389,1597,1248,490,150,35,84.0,17.0,10.0,198,636,16,4,7,55,116,0,102,54,70
44,2018-07-16,37800,991.0,680,268,254,5023,439,9708,526,4916,2217,2584,2245,283,430,286,264,3686,2008,1416,3908,133,6200,2160,4255,3843,420,2866,410,438,577,215,182,1382,1463,79,383,2,37,421,438,3354,410,2716,438,3844,2866,80,389,1597,1248,490,150,35,84.0,17.0,10.0,198,636,16,4,7,55,116,0,102,54,70
45,2018-07-23,37500,999.0,680,268,254,5023,439,9708,526,4916,2217,2584,2245,283,430,286,264,3686,2008,1416,3908,133,6200,2160,4255,3843,420,2866,410,438,577,215,182,1382,1463,79,383,2,37,421,438,3354,410,2716,438,3844,2866,80,389,1597,1248,490,150,35,84.0,17.0,10.0,198,636,16,4,7,55,116,0,102,54,70
46,2018-07-30,37500,1009.0,680,268,254,5023,439,9708,526,4916,2217,2584,2245,283,430,286,264,3686,2008,1416,3908,133,6200,2160,4255,3843,420,2866,410,438,577,215,182,1382,1463,79,383,2,37,421,438,3354,410,2716,438,3844,2866,80,389,1597,1248,490,150,35,84.0,17.0,10.0,198,636,16,4,7,55,116,0,102,54,70
47,2018-08-06,39400,1014.0,654,222,270,4932,431,9744,540,4725,2214,1514,1413,75,438,223,340,3457,2055,1412,3908,104,6140,2128,4342,3924,403,2706,464,493,545,179,210,1379,1548,75,413,2,48,404,493,3425,465,2560,493,3925,2707,89,421,1597,1330,500,147,27,63.0,45.0,11.0,191,499,14,6,9,81,217,0,109,43,61
48,2018-08-13,39650,1021.0,654,222,270,4932,431,9744,540,4725,2214,1514,1413,75,438,223,340,3457,2055,1412,3908,104,6140,2128,4342,3924,403,2706,464,493,545,179,210,1379,1548,75,413,2,48,404,493,3425,465,2560,493,3925,2707,89,421,1597,1330,500,147,27,63.0,45.0,11.0,191,499,14,6,9,81,217,0,109,43,61
49,2018-08-20,40750,1004.0,654,222,270,4932,431,9744,540,4725,2214,1514,1413,75,438,223,340,3457,2055,1412,3908,104,6140,2128,4342,3924,403,2706,464,493,545,179,210,1379,1548,75,413,2,48,404,493,3425,465,2560,493,3925,2707,89,421,1597,1330,500,147,27,63.0,45.0,11.0,191,499,14,6,9,81,217,0,109,43,61
50,2018-08-27,43100,1009.0,654,222,270,4932,431,9744,540,4725,2214,1514,1413,75,438,223,340,3457,2055,1412,3908,104,6140,2128,4342,3924,403,2706,464,493,545,179,210,1379,1548,75,413,2,48,404,493,3425,465,2560,493,3925,2707,89,421,1597,1330,500,147,27,63.0,45.0,11.0,191,499,14,6,9,81,217,0,109,43,61
51,2018-09-03,48700,1012.0,626,302,250,5123,480,9710,506,4882,2310,2758,2580,300,308,286,268,3719,2346,1487,4060,126,6403,2217,4458,3905,401,2861,422,474,515,233,198,1447,1698,93,428,2,34,401,476,3410,423,2710,476,3905,2860,65,441,1695,1450,495,150,30,83.0,10.0,10.0,149,644,24,6,8,108,292,0,112,69,53
52,2018-09-10,48850,1023.0,626,302,250,5123,480,9710,506,4882,2310,2758,2580,300,308,286,268,3719,2346,1487,4060,126,6403,2217,4458,3905,401,2861,422,474,515,233,198,1447,1698,93,428,2,34,401,476,3410,423,2710,476,3905,2860,65,441,1695,1450,495,150,30,83.0,10.0,10.0,149,644,24,6,8,108,292,0,112,69,53
53,2018-09-17,48350,1007.0,626,302,250,5123,480,9710,506,4882,2310,2758,2580,300,308,286,268,3719,2346,1487,4060,126,6403,2217,4458,3905,401,2861,422,474,515,233,198,1447,1698,93,428,2,34,401,476,3410,423,2710,476,3905,2860,65,441,1695,1450,495,150,30,83.0,10.0,10.0,149,644,24,6,8,108,292,0,112,69,53
54,2018-09-24,44600,1018.0,626,302,250,5123,480,9710,506,4882,2310,2758,2580,300,308,286,268,3719,2346,1487,4060,126,6403,2217,4458,3905,401,2861,422,474,515,233,198,1447,1698,93,428,2,34,401,476,3410,423,2710,476,3905,2860,65,441,1695,1450,495,150,30,83.0,10.0,10.0,149,644,24,6,8,108,292,0,112,69,53
55,2018-10-01,42600,1007.0,705,293,274,4814,416,9813,568,4809,2328,2779,2395,363,320,226,362,3993,2116,1410,3894,136,6161,2130,4360,3929,386,3001,379,412,597,232,218,1476,1527,89,449,2,40,386,412,3446,379,2790,412,3930,3000,80,458,1659,1345,484,210,40,86.0,25.0,8.0,324,639,14,6,10,117,219,0,107,61,56
56,2018-10-08,41500,1013.0,705,293,274,4814,416,9813,568,4809,2328,2779,2395,363,320,226,362,3993,2116,1410,3894,136,6161,2130,4360,3929,386,3001,379,412,597,232,218,1476,1527,89,449,2,40,386,412,3446,379,2790,412,3930,3000,80,458,1659,1345,484,210,40,86.0,25.0,8.0,324,639,14,6,10,117,219,0,107,61,56
57,2018-10-15,40800,984.0,705,293,274,4814,416,9813,568,4809,2328,2779,2395,363,320,226,362,3993,2116,1410,3894,136,6161,2130,4360,3929,386,3001,379,412,597,232,218,1476,1527,89,449,2,40,386,412,3446,379,2790,412,3930,3000,80,458,1659,1345,484,210,40,86.0,25.0,8.0,324,639,14,6,10,117,219,0,107,61,56
58,2018-10-22,39700,983.0,705,293,274,4814,416,9813,568,4809,2328,2779,2395,363,320,226,362,3993,2116,1410,3894,136,6161,2130,4360,3929,386,3001,379,412,597,232,218,1476,1527,89,449,2,40,386,412,3446,379,2790,412,3930,3000,80,458,1659,1345,484,210,40,86.0,25.0,8.0,324,639,14,6,10,117,219,0,107,61,56
59,2018-10-29,39500,967.0,705,293,274,4814,416,9813,568,4809,2328,2779,2395,363,320,226,362,3993,2116,1410,3894,136,6161,2130,4360,3929,386,3001,379,412,597,232,218,1476,1527,89,449,2,40,386,412,3446,379,2790,412,3930,3000,80,458,1659,1345,484,210,40,86.0,25.0,8.0,324,639,14,6,10,117,219,0,107,61,56
60,2018-11-05,38800,967.0,709,304,254,4615,409,9497,527,4716,2211,2547,2233,363,348,277,343,3776,2267,1305,3702,125,5889,2062,4132,3681,357,2677,382,347,615,223,201,1421,1428,100,418,1,45,358,348,3166,381,2495,348,3682,2675,76,426,1594,1255,516,180,38,77.0,35.0,9.0,397,435,62,3,7,107,156,0,91,80,53
61,2018-11-12,38300,972.0,709,304,254,4615,409,9497,527,4716,2211,2547,2233,363,348,277,343,3776,2267,1305,3702,125,5889,2062,4132,3681,357,2677,382,347,615,223,201,1421,1428,100,418,1,45,358,348,3166,381,2495,348,3682,2675,76,426,1594,1255,516,180,38,77.0,35.0,9.0,397,435,62,3,7,107,156,0,91,80,53
62,2018-11-19,38000,963.0,709,304,254,4615,409,9497,527,4716,2211,2547,2233,363,348,277,343,3776,2267,1305,3702,125,5889,2062,4132,3681,357,2677,382,347,615,223,201,1421,1428,100,418,1,45,358,348,3166,381,2495,348,3682,2675,76,426,1594,1255,516,180,38,77.0,35.0,9.0,397,435,62,3,7,107,156,0,91,80,53
63,2018-11-26,37600,969.0,709,304,254,4615,409,9497,527,4716,2211,2547,2233,363,348,277,343,3776,2267,1305,3702,125,5889,2062,4132,3681,357,2677,382,347,615,223,201,1421,1428,100,418,1,45,358,348,3166,381,2495,348,3682,2675,76,426,1594,1255,516,180,38,77.0,35.0,9.0,397,435,62,3,7,107,156,0,91,80,53
64,2018-12-03,37600,984.0,709,276,269,4658,425,10009,495,4813,2241,2885,2383,304,368,231,324,4047,2311,1304,3673,139,5936,2124,4236,3765,389,2846,397,411,604,204,214,1612,1539,79,440,1,47,389,410,3264,397,2655,410,3764,2845,67,452,1807,1345,500,190,43,53.0,16.0,14.0,372,407,33,10,21,141,136,0,107,73,56
65,2018-12-10,37300,1013.0,709,276,269,4658,425,10009,495,4813,2241,2885,2383,304,368,231,324,4047,2311,1304,3673,139,5936,2124,4236,3765,389,2846,397,411,604,204,214,1612,1539,79,440,1,47,389,410,3264,397,2655,410,3764,2845,67,452,1807,1345,500,190,43,53.0,16.0,14.0,372,407,33,10,21,141,136,0,107,73,56
66,2018-12-17,37000,1008.0,709,276,269,4658,425,10009,495,4813,2241,2885,2383,304,368,231,324,4047,2311,1304,3673,139,5936,2124,4236,3765,389,2846,397,411,604,204,214,1612,1539,79,440,1,47,389,410,3264,397,2655,410,3764,2845,67,452,1807,1345,500,190,43,53.0,16.0,14.0,372,407,33,10,21,141,136,0,107,73,56
67,2018-12-24,36700,1016.0,709,276,269,4658,425,10009,495,4813,2241,2885,2383,304,368,231,324,4047,2311,1304,3673,139,5936,2124,4236,3765,389,2846,397,411,604,204,214,1612,1539,79,440,1,47,389,410,3264,397,2655,410,3764,2845,67,452,1807,1345,500,190,43,53.0,16.0,14.0,372,407,33,10,21,141,136,0,107,73,56
68,2018-12-31,36000,1041.0,709,276,269,4658,425,10009,495,4813,2241,2885,2383,304,368,231,324,4047,2311,1304,3673,139,5936,2124,4236,3765,389,2846,397,411,604,204,214,1612,1539,79,440,1,47,389,410,3264,397,2655,410,3764,2845,67,452,1807,1345,500,190,43,53.0,16.0,14.0,372,407,33,10,21,141,136,0,107,73,56
69,2019-01-07,36000,1087.0,567,262,253,4201,377,9835,518,4692,2236,2735,2249,351,375,277,362,3649,2344,1375,3817,171,5831,1845,4276,3885,370,2780,474,392,486,175,194,1617,1443,75,442,2,56,370,392,3505,475,2578,392,3885,2779,77,451,1738,1322,380,201,34,63.0,0.0,14.0,204,490,48,8,16,103,139,18,83,87,58
70,2019-01-14,35700,1040.0,567,262,253,4201,377,9835,518,4692,2236,2735,2249,351,375,277,362,3649,2344,1375,3817,171,5831,1845,4276,3885,370,2780,474,392,486,175,194,1617,1443,75,442,2,56,370,392,3505,475,2578,392,3885,2779,77,451,1738,1322,380,201,34,63.0,0.0,14.0,204,490,48,8,16,103,139,18,83,87,58
71,2019-01-21,35300,982.0,567,262,253,4201,377,9835,518,4692,2236,2735,2249,351,375,277,362,3649,2344,1375,3817,171,5831,1845,4276,3885,370,2780,474,392,486,175,194,1617,1443,75,442,2,56,370,392,3505,475,2578,392,3885,2779,77,451,1738,1322,380,201,34,63.0,0.0,14.0,204,490,48,8,16,103,139,18,83,87,58
72,2019-01-28,34000,969.0,567,262,253,4201,377,9835,518,4692,2236,2735,2249,351,375,277,362,3649,2344,1375,3817,171,5831,1845,4276,3885,370,2780,474,392,486,175,194,1617,1443,75,442,2,56,370,392,3505,475,2578,392,3885,2779,77,451,1738,1322,380,201,34,63.0,0.0,14.0,204,490,48,8,16,103,139,18,83,87,58
73,2019-02-04,33800,971.0,695,258,255,4843,429,9678,583,4812,2334,2739,2227,288,387,226,281,3677,2118,1142,4051,134,6243,2057,4456,4113,387,3028,421,374,585,186,191,1506,1539,93,438,2,37,388,376,3592,420,2828,376,4112,3029,69,449,1592,1453,520,201,49,40.0,26.0,11.0,352,512,65,7,5,228,191,13,110,71,61
74,2019-02-11,34550,985.0,695,258,255,4843,429,9678,583,4812,2334,2739,2227,288,387,226,281,3677,2118,1142,4051,134,6243,2057,4456,4113,387,3028,421,374,585,186,191,1506,1539,93,438,2,37,388,376,3592,420,2828,376,4112,3029,69,449,1592,1453,520,201,49,40.0,26.0,11.0,352,512,65,7,5,228,191,13,110,71,61
75,2019-02-18,36000,979.0,695,258,255,4843,429,9678,583,4812,2334,2739,2227,288,387,226,281,3677,2118,1142,4051,134,6243,2057,4456,4113,387,3028,421,374,585,186,191,1506,1539,93,438,2,37,388,376,3592,420,2828,376,4112,3029,69,449,1592,1453,520,201,49,40.0,26.0,11.0,352,512,65,7,5,228,191,13,110,71,61
76,2019-02-25,37700,964.0,695,258,255,4843,429,9678,583,4812,2334,2739,2227,288,387,226,281,3677,2118,1142,4051,134,6243,2057,4456,4113,387,3028,421,374,585,186,191,1506,1539,93,438,2,37,388,376,3592,420,2828,376,4112,3029,69,449,1592,1453,520,201,49,40.0,26.0,11.0,352,512,65,7,5,228,191,13,110,71,61
77,2019-03-04,40200,981.0,634,245,252,4967,358,9688,556,4937,2363,3051,2266,358,421,285,322,4193,2093,1404,4142,132,6204,1929,4513,3999,386,2755,483,318,537,192,194,1705,1460,103,417,0,40,386,318,3548,483,2591,318,3998,2757,75,430,1779,1386,450,166,20,9.0,0.0,6.0,163,334,31,7,6,345,195,5,95,53,58
78,2019-03-11,40200,987.0,634,245,252,4967,358,9688,556,4937,2363,3051,2266,358,421,285,322,4193,2093,1404,4142,132,6204,1929,4513,3999,386,2755,483,318,537,192,194,1705,1460,103,417,0,40,386,318,3548,483,2591,318,3998,2757,75,430,1779,1386,450,166,20,9.0,0.0,6.0,163,334,31,7,6,345,195,5,95,53,58
79,2019-03-18,39900,981.0,634,245,252,4967,358,9688,556,4937,2363,3051,2266,358,421,285,322,4193,2093,1404,4142,132,6204,1929,4513,3999,386,2755,483,318,537,192,194,1705,1460,103,417,0,40,386,318,3548,483,2591,318,3998,2757,75,430,1779,1386,450,166,20,9.0,0.0,6.0,163,334,31,7,6,345,195,5,95,53,58
80,2019-03-25,39400,967.0,634,245,252,4967,358,9688,556,4937,2363,3051,2266,358,421,285,322,4193,2093,1404,4142,132,6204,1929,4513,3999,386,2755,483,318,537,192,194,1705,1460,103,417,0,40,386,318,3548,483,2591,318,3998,2757,75,430,1779,1386,450,166,20,9.0,0.0,6.0,163,334,31,7,6,345,195,5,95,53,58
81,2019-04-01,39300,978.0,595,238,239,4543,325,8712,486,4401,2124,2739,2060,323,413,262,306,3918,1661,1211,3733,101,5737,1903,4079,3590,373,2580,398,341,495,174,163,1444,1267,93,405,0,29,374,340,3216,398,2378,340,3591,2581,83,415,1458,1253,375,203,28,60.0,33.0,7.0,192,402,27,7,9,216,149,14,100,65,76
82,2019-04-08,39500,989.0,595,238,239,4543,325,8712,486,4401,2124,2739,2060,323,413,262,306,3918,1661,1211,3733,101,5737,1903,4079,3590,373,2580,398,341,495,174,163,1444,1267,93,405,0,29,374,340,3216,398,2378,340,3591,2581,83,415,1458,1253,375,203,28,60.0,33.0,7.0,192,402,27,7,9,216,149,14,100,65,76
83,2019-04-15,39500,967.0,595,238,239,4543,325,8712,486,4401,2124,2739,2060,323,413,262,306,3918,1661,1211,3733,101,5737,1903,4079,3590,373,2580,398,341,495,174,163,1444,1267,93,405,0,29,374,340,3216,398,2378,340,3591,2581,83,415,1458,1253,375,203,28,60.0,33.0,7.0,192,402,27,7,9,216,149,14,100,65,76
84,2019-04-22,39300,965.0,595,238,239,4543,325,8712,486,4401,2124,2739,2060,323,413,262,306,3918,1661,1211,3733,101,5737,1903,4079,3590,373,2580,398,341,495,174,163,1444,1267,93,405,0,29,374,340,3216,398,2378,340,3591,2581,83,415,1458,1253,375,203,28,60.0,33.0,7.0,192,402,27,7,9,216,149,14,100,65,76
85,2019-04-29,39300,972.0,595,238,239,4543,325,8712,486,4401,2124,2739,2060,323,413,262,306,3918,1661,1211,3733,101,5737,1903,4079,3590,373,2580,398,341,495,174,163,1444,1267,93,405,0,29,374,340,3216,398,2378,340,3591,2581,83,415,1458,1253,375,203,28,60.0,33.0,7.0,192,402,27,7,9,216,149,14,100,65,76
86,2019-05-06,39300,1002.0,684,285,247,5017,430,9664,573,4842,2302,3135,2468,370,420,289,354,4369,2212,1535,3925,138,6145,2082,4354,4085,355,3081,511,325,533,213,184,1760,1458,103,432,4,38,355,324,3548,511,2888,324,4084,3080,99,438,1798,1420,536,192,44,69.0,47.0,11.0,353,609,31,9,8,253,265,40,151,74,61
87,2019-05-13,40300,993.0,684,285,247,5017,430,9664,573,4842,2302,3135,2468,370,420,289,354,4369,2212,1535,3925,138,6145,2082,4354,4085,355,3081,511,325,533,213,184,1760,1458,103,432,4,38,355,324,3548,511,2888,324,4084,3080,99,438,1798,1420,536,192,44,69.0,47.0,11.0,353,609,31,9,8,253,265,40,151,74,61
88,2019-05-20,40000,984.0,684,285,247,5017,430,9664,573,4842,2302,3135,2468,370,420,289,354,4369,2212,1535,3925,138,6145,2082,4354,4085,355,3081,511,325,533,213,184,1760,1458,103,432,4,38,355,324,3548,511,2888,324,4084,3080,99,438,1798,1420,536,192,44,69.0,47.0,11.0,353,609,31,9,8,253,265,40,151,74,61
89,2019-05-27,40200,984.0,684,285,247,5017,430,9664,573,4842,2302,3135,2468,370,420,289,354,4369,2212,1535,3925,138,6145,2082,4354,4085,355,3081,511,325,533,213,184,1760,1458,103,432,4,38,355,324,3548,511,2888,324,4084,3080,99,438,1798,1420,536,192,44,69.0,47.0,11.0,353,609,31,9,8,253,265,40,151,74,61
90,2019-06-03,40200,998.0,731,290,263,4677,342,9732,582,4825,2229,2827,2393,417,408,276,432,3852,2151,1521,3702,143,5836,1991,4104,3963,404,2863,514,361,613,214,196,1273,1490,92,408,1,29,403,360,3469,514,2671,360,3962,2863,76,415,1415,1349,493,192,32,45.0,43.0,10.0,357,499,18,9,9,270,291,2,118,74,69
91,2019-06-10,40300,1014.0,731,290,263,4677,342,9732,582,4825,2229,2827,2393,417,408,276,432,3852,2151,1521,3702,143,5836,1991,4104,3963,404,2863,514,361,613,214,196,1273,1490,92,408,1,29,403,360,3469,514,2671,360,3962,2863,76,415,1415,1349,493,192,32,45.0,43.0,10.0,357,499,18,9,9,270,291,2,118,74,69
92,2019-06-17,41500,996.0,731,290,263,4677,342,9732,582,4825,2229,2827,2393,417,408,276,432,3852,2151,1521,3702,143,5836,1991,4104,3963,404,2863,514,361,613,214,196,1273,1490,92,408,1,29,403,360,3469,514,2671,360,3962,2863,76,415,1415,1349,493,192,32,45.0,43.0,10.0,357,499,18,9,9,270,291,2,118,74,69
93,2019-06-24,40500,995.0,731,290,263,4677,342,9732,582,4825,2229,2827,2393,417,408,276,432,3852,2151,1521,3702,143,5836,1991,4104,3963,404,2863,514,361,613,214,196,1273,1490,92,408,1,29,403,360,3469,514,2671,360,3962,2863,76,415,1415,1349,493,192,32,45.0,43.0,10.0,357,499,18,9,9,270,291,2,118,74,69
94,2019-07-01,40500,1010.0,787,262,233,4942,261,10145,438,4975,2263,3124,2646,346,430,286,312,3917,2647,1924,4036,91,6301,2174,4338,4088,428,2791,338,273,667,195,165,1491,1546,103,366,2,33,427,272,3523,338,2601,272,4091,2793,95,376,1596,1441,568,192,27,74.0,52.0,11.0,349,738,33,13,12,310,328,18,120,67,70
95,2019-07-08,40300,1031.0,787,262,233,4942,261,10145,438,4975,2263,3124,2646,346,430,286,312,3917,2647,1924,4036,91,6301,2174,4338,4088,428,2791,338,273,667,195,165,1491,1546,103,366,2,33,427,272,3523,338,2601,272,4091,2793,95,376,1596,1441,568,192,27,74.0,52.0,11.0,349,738,33,13,12,310,328,18,120,67,70
96,2019-07-15,39800,1009.0,787,262,233,4942,261,10145,438,4975,2263,3124,2646,346,430,286,312,3917,2647,1924,4036,91,6301,2174,4338,4088,428,2791,338,273,667,195,165,1491,1546,103,366,2,33,427,272,3523,338,2601,272,4091,2793,95,376,1596,1441,568,192,27,74.0,52.0,11.0,349,738,33,13,12,310,328,18,120,67,70
97,2019-07-22,39800,1010.0,787,262,233,4942,261,10145,438,4975,2263,3124,2646,346,430,286,312,3917,2647,1924,4036,91,6301,2174,4338,4088,428,2791,338,273,667,195,165,1491,1546,103,366,2,33,427,272,3523,338,2601,272,4091,2793,95,376,1596,1441,568,192,27,74.0,52.0,11.0,349,738,33,13,12,310,328,18,120,67,70
98,2019-07-29,40200,1015.0,787,262,233,4942,261,10145,438,4975,2263,3124,2646,346,430,286,312,3917,2647,1924,4036,91,6301,2174,4338,4088,428,2791,338,273,667,195,165,1491,1546,103,366,2,33,427,272,3523,338,2601,272,4091,2793,95,376,1596,1441,568,192,27,74.0,52.0,11.0,349,738,33,13,12,310,328,18,120,67,70
99,2019-08-05,40300,1031.0,790,212,238,4699,367,9786,556,4748,2148,2772,2328,246,434,229,207,4026,1978,1631,3832,143,6064,2089,4116,4079,392,2335,476,276,673,166,166,1552,1581,96,330,1,37,392,275,3530,476,2100,275,4081,2333,80,341,1722,1411,551,233,33,68.0,35.0,5.0,289,370,49,11,5,315,265,24,116,48,69
100,2019-08-12,39200,1009.0,790,212,238,4699,367,9786,556,4748,2148,2772,2328,246,434,229,207,4026,1978,1631,3832,143,6064,2089,4116,4079,392,2335,476,276,673,166,166,1552,1581,96,330,1,37,392,275,3530,476,2100,275,4081,2333,80,341,1722,1411,551,233,33,68.0,35.0,5.0,289,370,49,11,5,315,265,24,116,48,69
101,2019-08-19,38700,1003.0,790,212,238,4699,367,9786,556,4748,2148,2772,2328,246,434,229,207,4026,1978,1631,3832,143,6064,2089,4116,4079,392,2335,476,276,673,166,166,1552,1581,96,330,1,37,392,275,3530,476,2100,275,4081,2333,80,341,1722,1411,551,233,33,68.0,35.0,5.0,289,370,49,11,5,315,265,24,116,48,69
102,2019-08-26,38200,1015.0,790,212,238,4699,367,9786,556,4748,2148,2772,2328,246,434,229,207,4026,1978,1631,3832,143,6064,2089,4116,4079,392,2335,476,276,673,166,166,1552,1581,96,330,1,37,392,275,3530,476,2100,275,4081,2333,80,341,1722,1411,551,233,33,68.0,35.0,5.0,289,370,49,11,5,315,265,24,116,48,69
103,2019-09-02,37700,1023.0,779,249,239,4755,390,10125,589,4794,2226,2970,2269,326,450,286,330,4252,1924,1430,3829,136,6069,2103,4258,3917,346,2653,471,385,656,212,191,1533,1361,75,356,2,26,346,384,3453,472,2432,384,3921,2653,96,366,1579,1315,468,221,28,65.0,54.0,7.0,247,357,48,7,11,414,302,23,123,37,49
104,2019-09-09,36900,1031.0,779,249,239,4755,390,10125,589,4794,2226,2970,2269,326,450,286,330,4252,1924,1430,3829,136,6069,2103,4258,3917,346,2653,471,385,656,212,191,1533,1361,75,356,2,26,346,384,3453,472,2432,384,3921,2653,96,366,1579,1315,468,221,28,65.0,54.0,7.0,247,357,48,7,11,414,302,23,123,37,49
105,2019-09-16,36200,1018.0,779,249,239,4755,390,10125,589,4794,2226,2970,2269,326,450,286,330,4252,1924,1430,3829,136,6069,2103,4258,3917,346,2653,471,385,656,212,191,1533,1361,75,356,2,26,346,384,3453,472,2432,384,3921,2653,96,366,1579,1315,468,221,28,65.0,54.0,7.0,247,357,48,7,11,414,302,23,123,37,49
106,2019-09-23,35000,1018.0,779,249,239,4755,390,10125,589,4794,2226,2970,2269,326,450,286,330,4252,1924,1430,3829,136,6069,2103,4258,3917,346,2653,471,385,656,212,191,1533,1361,75,356,2,26,346,384,3453,472,2432,384,3921,2653,96,366,1579,1315,468,221,28,65.0,54.0,7.0,247,357,48,7,11,414,302,23,123,37,49
107,2019-09-30,34200,1019.0,779,249,239,4755,390,10125,589,4794,2226,2970,2269,326,450,286,330,4252,1924,1430,3829,136,6069,2103,4258,3917,346,2653,471,385,656,212,191,1533,1361,75,356,2,26,346,384,3453,472,2432,384,3921,2653,96,366,1579,1315,468,221,28,65.0,54.0,7.0,247,357,48,7,11,414,302,23,123,37,49
108,2019-10-07,33500,1031.0,755,265,257,4866,416,10009,626,4583,2262,3023,2350,279,424,221,251,4356,1863,1699,3848,141,5980,1991,4312,4005,390,2498,523,423,653,232,211,1690,1319,98,356,4,23,390,422,3447,523,2285,422,4007,2497,78,367,1752,1181,560,212,31,68.0,38.0,11.0,221,396,25,10,7,369,348,32,98,35,48
109,2019-10-14,33300,1011.0,755,265,257,4866,416,10009,626,4583,2262,3023,2350,279,424,221,251,4356,1863,1699,3848,141,5980,1991,4312,4005,390,2498,523,423,653,232,211,1690,1319,98,356,4,23,390,422,3447,523,2285,422,4007,2497,78,367,1752,1181,560,212,31,68.0,38.0,11.0,221,396,25,10,7,369,348,32,98,35,48
110,2019-10-21,33500,995.0,755,265,257,4866,416,10009,626,4583,2262,3023,2350,279,424,221,251,4356,1863,1699,3848,141,5980,1991,4312,4005,390,2498,523,423,653,232,211,1690,1319,98,356,4,23,390,422,3447,523,2285,422,4007,2497,78,367,1752,1181,560,212,31,68.0,38.0,11.0,221,396,25,10,7,369,348,32,98,35,48
111,2019-10-28,33300,992.0,755,265,257,4866,416,10009,626,4583,2262,3023,2350,279,424,221,251,4356,1863,1699,3848,141,5980,1991,4312,4005,390,2498,523,423,653,232,211,1690,1319,98,356,4,23,390,422,3447,523,2285,422,4007,2497,78,367,1752,1181,560,212,31,68.0,38.0,11.0,221,396,25,10,7,369,348,32,98,35,48
112,2019-11-04,33800,997.0,728,226,235,4513,412,9952,556,4737,2188,3080,2231,166,323,279,89,4378,2105,1531,3873,133,5903,1898,4159,3547,391,2648,446,381,630,186,176,1561,1189,82,358,5,31,391,380,3057,446,2447,380,3547,2647,68,366,1639,1070,490,200,29,44.0,21.0,9.0,350,452,25,11,6,298,223,29,96,42,59
113,2019-11-11,33500,1011.0,728,226,235,4513,412,9952,556,4737,2188,3080,2231,166,323,279,89,4378,2105,1531,3873,133,5903,1898,4159,3547,391,2648,446,381,630,186,176,1561,1189,82,358,5,31,391,380,3057,446,2447,380,3547,2647,68,366,1639,1070,490,200,29,44.0,21.0,9.0,350,452,25,11,6,298,223,29,96,42,59
114,2019-11-18,32300,998.0,728,226,235,4513,412,9952,556,4737,2188,3080,2231,166,323,279,89,4378,2105,1531,3873,133,5903,1898,4159,3547,391,2648,446,381,630,186,176,1561,1189,82,358,5,31,391,380,3057,446,2447,380,3547,2647,68,366,1639,1070,490,200,29,44.0,21.0,9.0,350,452,25,11,6,298,223,29,96,42,59
115,2019-11-25,32200,998.0,728,226,235,4513,412,9952,556,4737,2188,3080,2231,166,323,279,89,4378,2105,1531,3873,133,5903,1898,4159,3547,391,2648,446,381,630,186,176,1561,1189,82,358,5,31,391,380,3057,446,2447,380,3547,2647,68,366,1639,1070,490,200,29,44.0,21.0,9.0,350,452,25,11,6,298,223,29,96,42,59
116,2019-12-02,31800,1018.0,661,264,222,4691,407,10195,574,4842,2230,2782,2480,272,308,283,215,4085,2175,1672,3831,107,5858,1922,4161,3820,309,2639,506,316,558,236,181,1721,1332,97,391,2,30,309,317,3290,506,2428,317,3820,2638,92,401,1814,1198,530,210,27,58.0,36.0,6.0,555,523,19,6,3,231,363,37,103,29,40
117,2019-12-09,31100,1022.0,661,264,222,4691,407,10195,574,4842,2230,2782,2480,272,308,283,215,4085,2175,1672,3831,107,5858,1922,4161,3820,309,2639,506,316,558,236,181,1721,1332,97,391,2,30,309,317,3290,506,2428,317,3820,2638,92,401,1814,1198,530,210,27,58.0,36.0,6.0,555,523,19,6,3,231,363,37,103,29,40
118,2019-12-16,30600,1021.0,661,264,222,4691,407,10195,574,4842,2230,2782,2480,272,308,283,215,4085,2175,1672,3831,107,5858,1922,4161,3820,309,2639,506,316,558,236,181,1721,1332,97,391,2,30,309,317,3290,506,2428,317,3820,2638,92,401,1814,1198,530,210,27,58.0,36.0,6.0,555,523,19,6,3,231,363,37,103,29,40
119,2019-12-23,31400,1010.0,661,264,222,4691,407,10195,574,4842,2230,2782,2480,272,308,283,215,4085,2175,1672,3831,107,5858,1922,4161,3820,309,2639,506,316,558,236,181,1721,1332,97,391,2,30,309,317,3290,506,2428,317,3820,2638,92,401,1814,1198,530,210,27,58.0,36.0,6.0,555,523,19,6,3,231,363,37,103,29,40
120,2019-12-30,32900,1017.0,661,264,222,4691,407,10195,574,4842,2230,2782,2480,272,308,283,215,4085,2175,1672,3831,107,5858,1922,4161,3820,309,2639,506,316,558,236,181,1721,1332,97,391,2,30,309,317,3290,506,2428,317,3820,2638,92,401,1814,1198,530,210,27,58.0,36.0,6.0,555,523,19,6,3,231,363,37,103,29,40
121,2020-01-06,32900,1059.0,698,263,220,4782,375,9743,525,4733,2174,2936,2328,250,335,279,264,3894,2140,1391,3842,152,5788,1794,4323,3724,381,2711,483,342,570,196,180,1818,1251,66,421,1,19,380,342,3286,483,2509,342,3722,2710,73,429,1886,1150,436,201,32,76.0,40.0,4.0,512,340,6,4,3,254,289,21,128,67,39
122,2020-01-13,33400,1045.0,698,263,220,4782,375,9743,525,4733,2174,2936,2328,250,335,279,264,3894,2140,1391,3842,152,5788,1794,4323,3724,381,2711,483,342,570,196,180,1818,1251,66,421,1,19,380,342,3286,483,2509,342,3722,2710,73,429,1886,1150,436,201,32,76.0,40.0,4.0,512,340,6,4,3,254,289,21,128,67,39
123,2020-01-20,32500,958.0,698,263,220,4782,375,9743,525,4733,2174,2936,2328,250,335,279,264,3894,2140,1391,3842,152,5788,1794,4323,3724,381,2711,483,342,570,196,180,1818,1251,66,421,1,19,380,342,3286,483,2509,342,3722,2710,73,429,1886,1150,436,201,32,76.0,40.0,4.0,512,340,6,4,3,254,289,21,128,67,39
124,2020-01-27,32890,950.0,698,263,220,4782,375,9743,525,4733,2174,2936,2328,250,335,279,264,3894,2140,1391,3842,152,5788,1794,4323,3724,381,2711,483,342,570,196,180,1818,1251,66,421,1,19,380,342,3286,483,2509,342,3722,2710,73,429,1886,1150,436,201,32,76.0,40.0,4.0,512,340,6,4,3,254,289,21,128,67,39
125,2020-02-03,33400,943.0,643,300,228,4955,373,9894,584,4889,2296,2741,2096,311,443,287,304,3799,2065,1416,4175,101,6212,1935,4490,3824,315,2738,546,384,526,201,186,1702,1369,68,450,2,44,315,383,3331,547,2499,383,3826,2738,92,459,1795,1257,495,239,41,49.0,48.0,6.0,450,380,0,5,4,224,121,18,118,100,42
126,2020-02-10,32800,944.0,643,300,228,4955,373,9894,584,4889,2296,2741,2096,311,443,287,304,3799,2065,1416,4175,101,6212,1935,4490,3824,315,2738,546,384,526,201,186,1702,1369,68,450,2,44,315,383,3331,547,2499,383,3826,2738,92,459,1795,1257,495,239,41,49.0,48.0,6.0,450,380,0,5,4,224,121,18,118,100,42
127,2020-02-17,32000,945.0,643,300,228,4955,373,9894,584,4889,2296,2741,2096,311,443,287,304,3799,2065,1416,4175,101,6212,1935,4490,3824,315,2738,546,384,526,201,186,1702,1369,68,450,2,44,315,383,3331,547,2499,383,3826,2738,92,459,1795,1257,495,239,41,49.0,48.0,6.0,450,380,0,5,4,224,121,18,118,100,42
128,2020-02-24,31500,942.0,643,300,228,4955,373,9894,584,4889,2296,2741,2096,311,443,287,304,3799,2065,1416,4175,101,6212,1935,4490,3824,315,2738,546,384,526,201,186,1702,1369,68,450,2,44,315,383,3331,547,2499,383,3826,2738,92,459,1795,1257,495,239,41,49.0,48.0,6.0,450,380,0,5,4,224,121,18,118,100,42
129,2020-03-02,32500,950.0,781,279,217,5158,312,10127,500,5070,2294,2852,2228,315,417,286,303,3959,1785,1526,4221,144,6443,2077,4625,4047,326,2681,451,300,616,210,179,1694,1384,67,433,0,68,325,299,3543,451,2471,299,4045,2681,92,442,1785,1288,502,210,17,62.0,35.0,4.0,389,401,0,3,4,272,249,32,164,66,37
130,2020-03-09,33500,963.0,781,279,217,5158,312,10127,500,5070,2294,2852,2228,315,417,286,303,3959,1785,1526,4221,144,6443,2077,4625,4047,326,2681,451,300,616,210,179,1694,1384,67,433,0,68,325,299,3543,451,2471,299,4045,2681,92,442,1785,1288,502,210,17,62.0,35.0,4.0,389,401,0,3,4,272,249,32,164,66,37
131,2020-03-16,34000,954.0,781,279,217,5158,312,10127,500,5070,2294,2852,2228,315,417,286,303,3959,1785,1526,4221,144,6443,2077,4625,4047,326,2681,451,300,616,210,179,1694,1384,67,433,0,68,325,299,3543,451,2471,299,4045,2681,92,442,1785,1288,502,210,17,62.0,35.0,4.0,389,401,0,3,4,272,249,32,164,66,37
132,2020-03-23,35000,963.0,781,279,217,5158,312,10127,500,5070,2294,2852,2228,315,417,286,303,3959,1785,1526,4221,144,6443,2077,4625,4047,326,2681,451,300,616,210,179,1694,1384,67,433,0,68,325,299,3543,451,2471,299,4045,2681,92,442,1785,1288,502,210,17,62.0,35.0,4.0,389,401,0,3,4,272,249,32,164,66,37
133,2020-03-30,35000,1009.0,781,279,217,5158,312,10127,500,5070,2294,2852,2228,315,417,286,303,3959,1785,1526,4221,144,6443,2077,4625,4047,326,2681,451,300,616,210,179,1694,1384,67,433,0,68,325,299,3543,451,2471,299,4045,2681,92,442,1785,1288,502,210,17,62.0,35.0,4.0,389,401,0,3,4,272,249,32,164,66,37
134,2020-04-06,34500,1028.0,678,272,237,4823,400,9345,544,4698,2164,3006,2144,318,415,269,300,4548,1814,1437,3933,108,5978,1936,4240,3764,297,2416,444,363,535,207,185,1631,1267,70,428,2,52,296,363,3310,444,2251,363,3762,2416,112,421,1729,1167,452,165,29,18.0,30.0,8.0,313,228,18,7,14,223,262,11,140,65,50
135,2020-04-13,34000,998.0,678,272,237,4823,400,9345,544,4698,2164,3006,2144,318,415,269,300,4548,1814,1437,3933,108,5978,1936,4240,3764,297,2416,444,363,535,207,185,1631,1267,70,428,2,52,296,363,3310,444,2251,363,3762,2416,112,421,1729,1167,452,165,29,18.0,30.0,8.0,313,228,18,7,14,223,262,11,140,65,50
136,2020-04-20,33500,959.0,678,272,237,4823,400,9345,544,4698,2164,3006,2144,318,415,269,300,4548,1814,1437,3933,108,5978,1936,4240,3764,297,2416,444,363,535,207,185,1631,1267,70,428,2,52,296,363,3310,444,2251,363,3762,2416,112,421,1729,1167,452,165,29,18.0,30.0,8.0,313,228,18,7,14,223,262,11,140,65,50
137,2020-04-27,33500,934.0,678,272,237,4823,400,9345,544,4698,2164,3006,2144,318,415,269,300,4548,1814,1437,3933,108,5978,1936,4240,3764,297,2416,444,363,535,207,185,1631,1267,70,428,2,52,296,363,3310,444,2251,363,3762,2416,112,421,1729,1167,452,165,29,18.0,30.0,8.0,313,228,18,7,14,223,262,11,140,65,50
138,2020-05-04,33500,918.0,772,279,269,5052,385,10307,588,5001,2283,2989,2414,322,413,286,350,4633,2192,1353,4085,136,6200,1980,4469,3784,333,2540,488,371,610,205,216,1722,1256,75,452,2,50,333,371,3268,489,2384,371,3785,2539,98,452,1805,1173,517,155,38,57.0,47.0,6.0,342,270,11,8,18,198,297,29,163,73,53
139,2020-05-11,33500,926.0,772,279,269,5052,385,10307,588,5001,2283,2989,2414,322,413,286,350,4633,2192,1353,4085,136,6200,1980,4469,3784,333,2540,488,371,610,205,216,1722,1256,75,452,2,50,333,371,3268,489,2384,371,3785,2539,98,452,1805,1173,517,155,38,57.0,47.0,6.0,342,270,11,8,18,198,297,29,163,73,53
140,2020-05-18,33500,904.0,772,279,269,5052,385,10307,588,5001,2283,2989,2414,322,413,286,350,4633,2192,1353,4085,136,6200,1980,4469,3784,333,2540,488,371,610,205,216,1722,1256,75,452,2,50,333,371,3268,489,2384,371,3785,2539,98,452,1805,1173,517,155,38,57.0,47.0,6.0,342,270,11,8,18,198,297,29,163,73,53
141,2020-05-25,33500,908.0,772,279,269,5052,385,10307,588,5001,2283,2989,2414,322,413,286,350,4633,2192,1353,4085,136,6200,1980,4469,3784,333,2540,488,371,610,205,216,1722,1256,75,452,2,50,333,371,3268,489,2384,371,3785,2539,98,452,1805,1173,517,155,38,57.0,47.0,6.0,342,270,11,8,18,198,297,29,163,73,53
142,2020-06-01,33000,914.0,640,267,247,4751,453,9667,628,4740,2146,3085,2284,435,421,279,521,4753,2152,1245,3927,137,5877,1813,4169,3331,338,2257,540,357,496,202,181,1690,1312,45,413,1,46,338,356,2911,540,2197,356,3331,2257,118,406,1759,1243,420,60,32,21.0,15.0,6.0,353,94,6,1,4,169,268,18,143,66,66
143,2020-06-08,33000,916.0,640,267,247,4751,453,9667,628,4740,2146,3085,2284,435,421,279,521,4753,2152,1245,3927,137,5877,1813,4169,3331,338,2257,540,357,496,202,181,1690,1312,45,413,1,46,338,356,2911,540,2197,356,3331,2257,118,406,1759,1243,420,60,32,21.0,15.0,6.0,353,94,6,1,4,169,268,18,143,66,66
144,2020-06-15,33000,915.0,640,267,247,4751,453,9667,628,4740,2146,3085,2284,435,421,279,521,4753,2152,1245,3927,137,5877,1813,4169,3331,338,2257,540,357,496,202,181,1690,1312,45,413,1,46,338,356,2911,540,2197,356,3331,2257,118,406,1759,1243,420,60,32,21.0,15.0,6.0,353,94,6,1,4,169,268,18,143,66,66
145,2020-06-22,33700,937.0,640,267,247,4751,453,9667,628,4740,2146,3085,2284,435,421,279,521,4753,2152,1245,3927,137,5877,1813,4169,3331,338,2257,540,357,496,202,181,1690,1312,45,413,1,46,338,356,2911,540,2197,356,3331,2257,118,406,1759,1243,420,60,32,21.0,15.0,6.0,353,94,6,1,4,169,268,18,143,66,66
146,2020-06-29,34500,950.0,640,267,247,4751,453,9667,628,4740,2146,3085,2284,435,421,279,521,4753,2152,1245,3927,137,5877,1813,4169,3331,338,2257,540,357,496,202,181,1690,1312,45,413,1,46,338,356,2911,540,2197,356,3331,2257,118,406,1759,1243,420,60,32,21.0,15.0,6.0,353,94,6,1,4,169,268,18,143,66,66
147,2020-07-06,34500,965.0,662,245,178,5020,444,10260,450,4772,2239,2734,1953,343,430,288,344,4251,1811,1015,3970,136,5878,1771,4442,3688,347,2279,398,410,491,174,126,1791,1340,80,466,1,44,347,410,3270,398,2219,410,3690,2270,81,463,1805,1248,420,60,30,17.0,17.0,3.0,430,368,22,4,3,175,218,0,169,69,52
148,2020-07-13,35000,965.0,662,245,178,5020,444,10260,450,4772,2239,2734,1953,343,430,288,344,4251,1811,1015,3970,136,5878,1771,4442,3688,347,2279,398,410,491,174,126,1791,1340,80,466,1,44,347,410,3270,398,2219,410,3690,2270,81,463,1805,1248,420,60,30,17.0,17.0,3.0,430,368,22,4,3,175,218,0,169,69,52
149,2020-07-20,35000,991.0,662,245,178,5020,444,10260,450,4772,2239,2734,1953,343,430,288,344,4251,1811,1015,3970,136,5878,1771,4442,3688,347,2279,398,410,491,174,126,1791,1340,80,466,1,44,347,410,3270,398,2219,410,3690,2270,81,463,1805,1248,420,60,30,17.0,17.0,3.0,430,368,22,4,3,175,218,0,169,69,52
150,2020-07-27,35100,1008.0,662,245,178,5020,444,10260,450,4772,2239,2734,1953,343,430,288,344,4251,1811,1015,3970,136,5878,1771,4442,3688,347,2279,398,410,491,174,126,1791,1340,80,466,1,44,347,410,3270,398,2219,410,3690,2270,81,463,1805,1248,420,60,30,17.0,17.0,3.0,430,368,22,4,3,175,218,0,169,69,52
151,2020-08-03,35100,1016.0,803,287,202,4832,421,9620,594,4292,2143,3228,1960,297,394,230,281,4322,2072,1014,3785,130,5872,1957,4116,3705,317,2238,514,369,615,202,149,1656,1326,75,433,1,23,317,368,3288,514,2186,368,3708,2205,68,428,1777,1234,420,50,20,13.0,6.0,6.0,436,83,5,14,3,184,194,144,190,86,51
152,2020-08-10,35200,1024.0,803,287,202,4832,421,9620,594,4292,2143,3228,1960,297,394,230,281,4322,2072,1014,3785,130,5872,1957,4116,3705,317,2238,514,369,615,202,149,1656,1326,75,433,1,23,317,368,3288,514,2186,368,3708,2205,68,428,1777,1234,420,50,20,13.0,6.0,6.0,436,83,5,14,3,184,194,144,190,86,51
153,2020-08-17,35500,1009.0,803,287,202,4832,421,9620,594,4292,2143,3228,1960,297,394,230,281,4322,2072,1014,3785,130,5872,1957,4116,3705,317,2238,514,369,615,202,149,1656,1326,75,433,1,23,317,368,3288,514,2186,368,3708,2205,68,428,1777,1234,420,50,20,13.0,6.0,6.0,436,83,5,14,3,184,194,144,190,86,51
154,2020-08-24,36500,1014.0,803,287,202,4832,421,9620,594,4292,2143,3228,1960,297,394,230,281,4322,2072,1014,3785,130,5872,1957,4116,3705,317,2238,514,369,615,202,149,1656,1326,75,433,1,23,317,368,3288,514,2186,368,3708,2205,68,428,1777,1234,420,50,20,13.0,6.0,6.0,436,83,5,14,3,184,194,144,190,86,51
155,2020-08-31,37200,1029.0,803,287,202,4832,421,9620,594,4292,2143,3228,1960,297,394,230,281,4322,2072,1014,3785,130,5872,1957,4116,3705,317,2238,514,369,615,202,149,1656,1326,75,433,1,23,317,368,3288,514,2186,368,3708,2205,68,428,1777,1234,420,50,20,13.0,6.0,6.0,436,83,5,14,3,184,194,144,190,86,51
156,2020-09-07,37500,1041.0,893,305,205,4975,379,10238,618,4485,2252,3304,2244,390,329,287,415,4475,2091,1124,3850,114,6010,2044,4131,4118,242,2331,598,365,753,219,160,1645,1439,67,433,0,26,242,364,3567,598,2272,364,4117,2332,65,434,1712,1372,550,60,20,59.0,12.0,5.0,439,250,76,3,3,214,169,23,140,86,46
157,2020-09-14,37500,1030.0,893,305,205,4975,379,10238,618,4485,2252,3304,2244,390,329,287,415,4475,2091,1124,3850,114,6010,2044,4131,4118,242,2331,598,365,753,219,160,1645,1439,67,433,0,26,242,364,3567,598,2272,364,4117,2332,65,434,1712,1372,550,60,20,59.0,12.0,5.0,439,250,76,3,3,214,169,23,140,86,46
158,2020-09-21,38000,1023.0,893,305,205,4975,379,10238,618,4485,2252,3304,2244,390,329,287,415,4475,2091,1124,3850,114,6010,2044,4131,4118,242,2331,598,365,753,219,160,1645,1439,67,433,0,26,242,364,3567,598,2272,364,4117,2332,65,434,1712,1372,550,60,20,59.0,12.0,5.0,439,250,76,3,3,214,169,23,140,86,46
159,2020-09-28,38500,1020.0,893,305,205,4975,379,10238,618,4485,2252,3304,2244,390,329,287,415,4475,2091,1124,3850,114,6010,2044,4131,4118,242,2331,598,365,753,219,160,1645,1439,67,433,0,26,242,364,3567,598,2272,364,4117,2332,65,434,1712,1372,550,60,20,59.0,12.0,5.0,439,250,76,3,3,214,169,23,140,86,46
160,2020-10-05,39500,1038.0,900,279,228,4876,373,10313,671,4772,2286,3515,2250,376,307,180,364,4490,2037,1432,4017,110,6165,2039,4344,4041,295,2532,500,341,736,205,190,1650,1413,95,424,1,29,296,342,3512,501,2410,342,4042,2530,48,422,1779,1284,530,120,29,59.0,4.0,5.0,464,314,66,3,4,237,173,84,163,75,37
161,2020-10-12,40000,1021.0,900,279,228,4876,373,10313,671,4772,2286,3515,2250,376,307,180,364,4490,2037,1432,4017,110,6165,2039,4344,4041,295,2532,500,341,736,205,190,1650,1413,95,424,1,29,296,342,3512,501,2410,342,4042,2530,48,422,1779,1284,530,120,29,59.0,4.0,5.0,464,314,66,3,4,237,173,84,163,75,37
162,2020-10-19,39500,1003.0,900,279,228,4876,373,10313,671,4772,2286,3515,2250,376,307,180,364,4490,2037,1432,4017,110,6165,2039,4344,4041,295,2532,500,341,736,205,190,1650,1413,95,424,1,29,296,342,3512,501,2410,342,4042,2530,48,422,1779,1284,530,120,29,59.0,4.0,5.0,464,314,66,3,4,237,173,84,163,75,37
163,2020-10-26,39500,997.0,900,279,228,4876,373,10313,671,4772,2286,3515,2250,376,307,180,364,4490,2037,1432,4017,110,6165,2039,4344,4041,295,2532,500,341,736,205,190,1650,1413,95,424,1,29,296,342,3512,501,2410,342,4042,2530,48,422,1779,1284,530,120,29,59.0,4.0,5.0,464,314,66,3,4,237,173,84,163,75,37
164,2020-11-02,39500,1013.0,790,297,232,4855,411,9244,676,4087,2250,3078,2250,244,277,239,244,3941,2079,1474,4028,109,6090,1953,4288,3547,310,2357,499,351,609,226,182,1612,1511,68,399,0,35,310,351,3084,499,2162,351,3545,2356,48,399,1768,1355,461,194,30,47.0,9.0,5.0,506,260,59,14,3,211,231,116,180,72,52
165,2020-11-09,39500,1022.0,790,297,232,4855,411,9244,676,4087,2250,3078,2250,244,277,239,244,3941,2079,1474,4028,109,6090,1953,4288,3547,310,2357,499,351,609,226,182,1612,1511,68,399,0,35,310,351,3084,499,2162,351,3545,2356,48,399,1768,1355,461,194,30,47.0,9.0,5.0,506,260,59,14,3,211,231,116,180,72,52
166,2020-11-16,39500,1006.0,790,297,232,4855,411,9244,676,4087,2250,3078,2250,244,277,239,244,3941,2079,1474,4028,109,6090,1953,4288,3547,310,2357,499,351,609,226,182,1612,1511,68,399,0,35,310,351,3084,499,2162,351,3545,2356,48,399,1768,1355,461,194,30,47.0,9.0,5.0,506,260,59,14,3,211,231,116,180,72,52
167,2020-11-23,39500,1006.0,790,297,232,4855,411,9244,676,4087,2250,3078,2250,244,277,239,244,3941,2079,1474,4028,109,6090,1953,4288,3547,310,2357,499,351,609,226,182,1612,1511,68,399,0,35,310,351,3084,499,2162,351,3545,2356,48,399,1768,1355,461,194,30,47.0,9.0,5.0,506,260,59,14,3,211,231,116,180,72,52
168,2020-11-30,41500,1031.0,790,297,232,4855,411,9244,676,4087,2250,3078,2250,244,277,239,244,3941,2079,1474,4028,109,6090,1953,4288,3547,310,2357,499,351,609,226,182,1612,1511,68,399,0,35,310,351,3084,499,2162,351,3545,2356,48,399,1768,1355,461,194,30,47.0,9.0,5.0,506,260,59,14,3,211,231,116,180,72,52
169,2020-12-07,42500,1034.0,723,255,247,4648,406,9994,668,4890,2327,3705,2098,276,388,277,299,4833,2306,1346,3842,133,6101,2125,4313,3912,313,2712,426,383,575,201,197,1781,1406,61,422,1,24,312,382,3404,426,2494,382,3914,2712,69,423,1899,1288,510,218,43,43.0,21.0,4.0,378,292,56,14,4,225,28,155,148,56,49
170,2020-12-14,51000,1030.0,723,255,247,4648,406,9994,668,4890,2327,3705,2098,276,388,277,299,4833,2306,1346,3842,133,6101,2125,4313,3912,313,2712,426,383,575,201,197,1781,1406,61,422,1,24,312,382,3404,426,2494,382,3914,2712,69,423,1899,1288,510,218,43,43.0,21.0,4.0,378,292,56,14,4,225,28,155,148,56,49
171,2020-12-21,58000,1040.0,723,255,247,4648,406,9994,668,4890,2327,3705,2098,276,388,277,299,4833,2306,1346,3842,133,6101,2125,4313,3912,313,2712,426,383,575,201,197,1781,1406,61,422,1,24,312,382,3404,426,2494,382,3914,2712,69,423,1899,1288,510,218,43,43.0,21.0,4.0,378,292,56,14,4,225,28,155,148,56,49
172,2020-12-28,61000,1051.0,723,255,247,4648,406,9994,668,4890,2327,3705,2098,276,388,277,299,4833,2306,1346,3842,133,6101,2125,4313,3912,313,2712,426,383,575,201,197,1781,1406,61,422,1,24,312,382,3404,426,2494,382,3914,2712,69,423,1899,1288,510,218,43,43.0,21.0,4.0,378,292,56,14,4,225,28,155,148,56,49
173,2021-01-04,61000,1103.0,638,243,241,4611,411,9950,649,4814,2246,3235,2273,295,370,274,286,4361,2083,1564,3815,202,6016,1999,4264,3631,307,2580,497,349,512,177,196,1791,1408,89,414,2,19,307,350,3266,497,2396,350,3633,2579,92,419,1886,1313,367,183,71,21.0,13.0,3.0,376,213,43,4,2,153,212,211,129,65,46
174,2021-01-11,61000,1092.0,638,243,241,4611,411,9950,649,4814,2246,3235,2273,295,370,274,286,4361,2083,1564,3815,202,6016,1999,4264,3631,307,2580,497,349,512,177,196,1791,1408,89,414,2,19,307,350,3266,497,2396,350,3633,2579,92,419,1886,1313,367,183,71,21.0,13.0,3.0,376,213,43,4,2,153,212,211,129,65,46
175,2021-01-18,62000,1006.0,638,243,241,4611,411,9950,649,4814,2246,3235,2273,295,370,274,286,4361,2083,1564,3815,202,6016,1999,4264,3631,307,2580,497,349,512,177,196,1791,1408,89,414,2,19,307,350,3266,497,2396,350,3633,2579,92,419,1886,1313,367,183,71,21.0,13.0,3.0,376,213,43,4,2,153,212,211,129,65,46
176,2021-01-25,62000,1031.0,638,243,241,4611,411,9950,649,4814,2246,3235,2273,295,370,274,286,4361,2083,1564,3815,202,6016,1999,4264,3631,307,2580,497,349,512,177,196,1791,1408,89,414,2,19,307,350,3266,497,2396,350,3633,2579,92,419,1886,1313,367,183,71,21.0,13.0,3.0,376,213,43,4,2,153,212,211,129,65,46
177,2021-02-01,59000,1037.0,708,266,227,4808,446,10117,678,4864,2327,3750,2150,277,415,292,261,4858,1890,1579,4338,114,6633,2180,4510,3810,324,2778,469,456,531,192,181,1792,1431,71,395,2,16,324,456,3276,470,2566,458,3809,2777,92,404,1883,1340,533,211,69,49.0,5.0,6.0,313,135,80,1,4,164,120,319,178,75,40
178,2021-02-08,55000,1031.0,708,266,227,4808,446,10117,678,4864,2327,3750,2150,277,415,292,261,4858,1890,1579,4338,114,6633,2180,4510,3810,324,2778,469,456,531,192,181,1792,1431,71,395,2,16,324,456,3276,470,2566,458,3809,2777,92,404,1883,1340,533,211,69,49.0,5.0,6.0,313,135,80,1,4,164,120,319,178,75,40
179,2021-02-15,51500,1038.0,708,266,227,4808,446,10117,678,4864,2327,3750,2150,277,415,292,261,4858,1890,1579,4338,114,6633,2180,4510,3810,324,2778,469,456,531,192,181,1792,1431,71,395,2,16,324,456,3276,470,2566,458,3809,2777,92,404,1883,1340,533,211,69,49.0,5.0,6.0,313,135,80,1,4,164,120,319,178,75,40
180,2021-02-22,48500,1059.0,708,266,227,4808,446,10117,678,4864,2327,3750,2150,277,415,292,261,4858,1890,1579,4338,114,6633,2180,4510,3810,324,2778,469,456,531,192,181,1792,1431,71,395,2,16,324,456,3276,470,2566,458,3809,2777,92,404,1883,1340,533,211,69,49.0,5.0,6.0,313,135,80,1,4,164,120,319,178,75,40
181,2021-03-01,48000,1098.0,792,296,230,4888,484,10227,448,4917,2321,4002,1971,303,417,290,294,5079,1848,1269,4154,112,6467,2202,4446,3767,330,2659,482,393,636,190,170,1664,1246,63,424,1,15,330,394,3266,482,2476,394,3766,2659,70,430,1744,1166,500,183,96,42.0,7.0,4.0,419,125,28,1,5,165,200,15,159,105,62
182,2021-03-08,49000,1091.0,792,296,230,4888,484,10227,448,4917,2321,4002,1971,303,417,290,294,5079,1848,1269,4154,112,6467,2202,4446,3767,330,2659,482,393,636,190,170,1664,1246,63,424,1,15,330,394,3266,482,2476,394,3766,2659,70,430,1744,1166,500,183,96,42.0,7.0,4.0,419,125,28,1,5,165,200,15,159,105,62
183,2021-03-15,50500,1087.0,792,296,230,4888,484,10227,448,4917,2321,4002,1971,303,417,290,294,5079,1848,1269,4154,112,6467,2202,4446,3767,330,2659,482,393,636,190,170,1664,1246,63,424,1,15,330,394,3266,482,2476,394,3766,2659,70,430,1744,1166,500,183,96,42.0,7.0,4.0,419,125,28,1,5,165,200,15,159,105,62
184,2021-03-22,50800,1071.0,792,296,230,4888,484,10227,448,4917,2321,4002,1971,303,417,290,294,5079,1848,1269,4154,112,6467,2202,4446,3767,330,2659,482,393,636,190,170,1664,1246,63,424,1,15,330,394,3266,482,2476,394,3766,2659,70,430,1744,1166,500,183,96,42.0,7.0,4.0,419,125,28,1,5,165,200,15,159,105,62
185,2021-03-29,51500,1057.0,792,296,230,4888,484,10227,448,4917,2321,4002,1971,303,417,290,294,5079,1848,1269,4154,112,6467,2202,4446,3767,330,2659,482,393,636,190,170,1664,1246,63,424,1,15,330,394,3266,482,2476,394,3766,2659,70,430,1744,1166,500,183,96,42.0,7.0,4.0,419,125,28,1,5,165,200,15,159,105,62
186,2021-04-05,53500,1074.0,655,302,231,4474,458,9071,513,4633,2104,3473,2007,389,378,262,408,5293,1933,1148,3999,118,6110,1993,4101,3248,304,2440,451,392,478,217,176,1450,1312,76,434,0,23,304,393,2839,451,2276,393,3249,2439,66,438,1536,1226,410,163,95,38.0,9.0,5.0,346,188,21,0,5,141,243,13,178,85,56
187,2021-04-12,54500,1058.0,655,302,231,4474,458,9071,513,4633,2104,3473,2007,389,378,262,408,5293,1933,1148,3999,118,6110,1993,4101,3248,304,2440,451,392,478,217,176,1450,1312,76,434,0,23,304,393,2839,451,2276,393,3249,2439,66,438,1536,1226,410,163,95,38.0,9.0,5.0,346,188,21,0,5,141,243,13,178,85,56
188,2021-04-19,58500,1055.0,655,302,231,4474,458,9071,513,4633,2104,3473,2007,389,378,262,408,5293,1933,1148,3999,118,6110,1993,4101,3248,304,2440,451,392,478,217,176,1450,1312,76,434,0,23,304,393,2839,451,2276,393,3249,2439,66,438,1536,1226,410,163,95,38.0,9.0,5.0,346,188,21,0,5,141,243,13,178,85,56
189,2021-04-26,60500,1050.0,655,302,231,4474,458,9071,513,4633,2104,3473,2007,389,378,262,408,5293,1933,1148,3999,118,6110,1993,4101,3248,304,2440,451,392,478,217,176,1450,1312,76,434,0,23,304,393,2839,451,2276,393,3249,2439,66,438,1536,1226,410,163,95,38.0,9.0,5.0,346,188,21,0,5,141,243,13,178,85,56
190,2021-05-03,62500,1060.0,792,341,253,5033,420,10473,654,5225,2378,3147,2573,509,426,291,521,4595,2238,1513,4354,117,6718,2246,4675,3924,333,2841,545,436,600,191,190,1589,1513,83,430,2,25,333,435,3343,545,2670,435,3924,2842,77,434,1696,1406,581,172,131,31.0,1.0,5.0,369,164,25,2,4,118,354,154,193,150,60
191,2021-05-10,63500,1094.0,792,341,253,5033,420,10473,654,5225,2378,3147,2573,509,426,291,521,4595,2238,1513,4354,117,6718,2246,4675,3924,333,2841,545,436,600,191,190,1589,1513,83,430,2,25,333,435,3343,545,2670,435,3924,2842,77,434,1696,1406,581,172,131,31.0,1.0,5.0,369,164,25,2,4,118,354,154,193,150,60
192,2021-05-17,67000,1073.0,792,341,253,5033,420,10473,654,5225,2378,3147,2573,509,426,291,521,4595,2238,1513,4354,117,6718,2246,4675,3924,333,2841,545,436,600,191,190,1589,1513,83,430,2,25,333,435,3343,545,2670,435,3924,2842,77,434,1696,1406,581,172,131,31.0,1.0,5.0,369,164,25,2,4,118,354,154,193,150,60
193,2021-05-24,71900,1078.0,792,341,253,5033,420,10473,654,5225,2378,3147,2573,509,426,291,521,4595,2238,1513,4354,117,6718,2246,4675,3924,333,2841,545,436,600,191,190,1589,1513,83,430,2,25,333,435,3343,545,2670,435,3924,2842,77,434,1696,1406,581,172,131,31.0,1.0,5.0,369,164,25,2,4,118,354,154,193,150,60
194,2021-05-31,71900,1096.0,792,341,253,5033,420,10473,654,5225,2378,3147,2573,509,426,291,521,4595,2238,1513,4354,117,6718,2246,4675,3924,333,2841,545,436,600,191,190,1589,1513,83,430,2,25,333,435,3343,545,2670,435,3924,2842,77,434,1696,1406,581,172,131,31.0,1.0,5.0,369,164,25,2,4,118,354,154,193,150,60
195,2021-06-07,72500,1128.0,800,347,264,4891,460,10272,604,4981,2309,3227,2521,463,352,281,491,4518,2375,1323,4133,136,6430,2160,4479,3931,328,2910,541,491,620,200,193,1533,1459,95,460,2,26,328,491,3380,541,2632,491,3930,2832,55,467,1648,1344,550,278,93,26.0,0.0,5.0,357,326,16,1,4,157,383,47,178,146,71
196,2021-06-14,74000,1120.0,800,347,264,4891,460,10272,604,4981,2309,3227,2521,463,352,281,491,4518,2375,1323,4133,136,6430,2160,4479,3931,328,2910,541,491,620,200,193,1533,1459,95,460,2,26,328,491,3380,541,2632,491,3930,2832,55,467,1648,1344,550,278,93,26.0,0.0,5.0,357,326,16,1,4,157,383,47,178,146,71
197,2021-06-21,74000,1116.0,800,347,264,4891,460,10272,604,4981,2309,3227,2521,463,352,281,491,4518,2375,1323,4133,136,6430,2160,4479,3931,328,2910,541,491,620,200,193,1533,1459,95,460,2,26,328,491,3380,541,2632,491,3930,2832,55,467,1648,1344,550,278,93,26.0,0.0,5.0,357,326,16,1,4,157,383,47,178,146,71
198,2021-06-28,74000,1134.0,800,347,264,4891,460,10272,604,4981,2309,3227,2521,463,352,281,491,4518,2375,1323,4133,136,6430,2160,4479,3931,328,2910,541,491,620,200,193,1533,1459,95,460,2,26,328,491,3380,541,2632,491,3930,2832,55,467,1648,1344,550,278,93,26.0,0.0,5.0,357,326,16,1,4,157,383,47,178,146,71
199,2021-07-05,74000,1175.0,867,361,257,4957,507,10787,496,5205,2397,3171,2669,409,329,227,373,4473,2339,1401,4184,121,6562,2256,4630,3993,318,2898,525,469,691,219,193,1519,1721,131,456,0,29,318,470,3517,526,2603,470,3992,2803,50,454,1608,1632,475,293,81,43.0,0.0,8.0,376,254,16,8,9,116,210,46,177,141,63
200,2021-07-12,73500,1182.0,867,361,257,4957,507,10787,496,5205,2397,3171,2669,409,329,227,373,4473,2339,1401,4184,121,6562,2256,4630,3993,318,2898,525,469,691,219,193,1519,1721,131,456,0,29,318,470,3517,526,2603,470,3992,2803,50,454,1608,1632,475,293,81,43.0,0.0,8.0,376,254,16,8,9,116,210,46,177,141,63
201,2021-07-19,72500,1170.0,867,361,257,4957,507,10787,496,5205,2397,3171,2669,409,329,227,373,4473,2339,1401,4184,121,6562,2256,4630,3993,318,2898,525,469,691,219,193,1519,1721,131,456,0,29,318,470,3517,526,2603,470,3992,2803,50,454,1608,1632,475,293,81,43.0,0.0,8.0,376,254,16,8,9,116,210,46,177,141,63
202,2021-07-26,71500,1194.0,867,361,257,4957,507,10787,496,5205,2397,3171,2669,409,329,227,373,4473,2339,1401,4184,121,6562,2256,4630,3993,318,2898,525,469,691,219,193,1519,1721,131,456,0,29,318,470,3517,526,2603,470,3992,2803,50,454,1608,1632,475,293,81,43.0,0.0,8.0,376,254,16,8,9,116,210,46,177,141,63
203,2021-08-02,69500,1191.0,855,288,257,4775,502,10159,613,4883,2329,3175,2068,406,370,281,408,4222,1873,1196,4132,146,6545,2266,4503,3743,329,2839,472,432,721,213,199,1510,1476,103,479,0,29,328,431,3266,472,2503,431,3743,2731,79,478,1623,1334,477,336,96,37.0,0.0,3.0,383,235,32,13,13,90,194,36,133,75,57
204,2021-08-09,66000,1197.0,855,288,257,4775,502,10159,613,4883,2329,3175,2068,406,370,281,408,4222,1873,1196,4132,146,6545,2266,4503,3743,329,2839,472,432,721,213,199,1510,1476,103,479,0,29,328,431,3266,472,2503,431,3743,2731,79,478,1623,1334,477,336,96,37.0,0.0,3.0,383,235,32,13,13,90,194,36,133,75,57
205,2021-08-16,65000,1198.0,855,288,257,4775,502,10159,613,4883,2329,3175,2068,406,370,281,408,4222,1873,1196,4132,146,6545,2266,4503,3743,329,2839,472,432,721,213,199,1510,1476,103,479,0,29,328,431,3266,472,2503,431,3743,2731,79,478,1623,1334,477,336,96,37.0,0.0,3.0,383,235,32,13,13,90,194,36,133,75,57
206,2021-08-23,63500,1209.0,855,288,257,4775,502,10159,613,4883,2329,3175,2068,406,370,281,408,4222,1873,1196,4132,146,6545,2266,4503,3743,329,2839,472,432,721,213,199,1510,1476,103,479,0,29,328,431,3266,472,2503,431,3743,2731,79,478,1623,1334,477,336,96,37.0,0.0,3.0,383,235,32,13,13,90,194,36,133,75,57
207,2021-08-30,62000,1237.0,855,288,257,4775,502,10159,613,4883,2329,3175,2068,406,370,281,408,4222,1873,1196,4132,146,6545,2266,4503,3743,329,2839,472,432,721,213,199,1510,1476,103,479,0,29,328,431,3266,472,2503,431,3743,2731,79,478,1623,1334,477,336,96,37.0,0.0,3.0,383,235,32,13,13,90,194,36,133,75,57
208,2021-09-06,59000,1242.0,872,379,251,4981,508,10483,646,5123,2397,3290,2010,433,420,294,429,4211,1788,1266,4096,119,6431,2217,4542,3780,334,2969,512,467,676,182,167,1639,1507,107,435,0,23,334,468,3301,511,2598,468,3780,2837,100,433,1777,1319,479,370,48,30.0,2.0,6.0,505,341,26,10,0,75,170,90,196,195,85
209,2021-09-13,56500,1231.0,872,379,251,4981,508,10483,646,5123,2397,3290,2010,433,420,294,429,4211,1788,1266,4096,119,6431,2217,4542,3780,334,2969,512,467,676,182,167,1639,1507,107,435,0,23,334,468,3301,511,2598,468,3780,2837,100,433,1777,1319,479,370,48,30.0,2.0,6.0,505,341,26,10,0,75,170,90,196,195,85
210,2021-09-20,55000,1227.0,872,379,251,4981,508,10483,646,5123,2397,3290,2010,433,420,294,429,4211,1788,1266,4096,119,6431,2217,4542,3780,334,2969,512,467,676,182,167,1639,1507,107,435,0,23,334,468,3301,511,2598,468,3780,2837,100,433,1777,1319,479,370,48,30.0,2.0,6.0,505,341,26,10,0,75,170,90,196,195,85
211,2021-09-27,54000,1230.0,872,379,251,4981,508,10483,646,5123,2397,3290,2010,433,420,294,429,4211,1788,1266,4096,119,6431,2217,4542,3780,334,2969,512,467,676,182,167,1639,1507,107,435,0,23,334,468,3301,511,2598,468,3780,2837,100,433,1777,1319,479,370,48,30.0,2.0,6.0,505,341,26,10,0,75,170,90,196,195,85
212,2021-10-04,56800,1248.0,789,310,206,4742,498,10243,599,4940,2353,3287,2114,430,315,217,414,4252,1729,1414,3881,150,6188,2156,4280,3672,335,2810,500,455,694,211,180,1629,1672,110,381,0,32,335,456,3230,500,2537,456,3675,2726,49,379,1730,1521,445,270,42,18.0,1.0,3.0,540,354,69,4,7,105,147,16,97,98,26
213,2021-10-11,59000,1247.0,789,310,206,4742,498,10243,599,4940,2353,3287,2114,430,315,217,414,4252,1729,1414,3881,150,6188,2156,4280,3672,335,2810,500,455,694,211,180,1629,1672,110,381,0,32,335,456,3230,500,2537,456,3675,2726,49,379,1730,1521,445,270,42,18.0,1.0,3.0,540,354,69,4,7,105,147,16,97,98,26
214,2021-10-18,64000,1236.0,789,310,206,4742,498,10243,599,4940,2353,3287,2114,430,315,217,414,4252,1729,1414,3881,150,6188,2156,4280,3672,335,2810,500,455,694,211,180,1629,1672,110,381,0,32,335,456,3230,500,2537,456,3675,2726,49,379,1730,1521,445,270,42,18.0,1.0,3.0,540,354,69,4,7,105,147,16,97,98,26
215,2021-10-25,73000,1246.0,789,310,206,4742,498,10243,599,4940,2353,3287,2114,430,315,217,414,4252,1729,1414,3881,150,6188,2156,4280,3672,335,2810,500,455,694,211,180,1629,1672,110,381,0,32,335,456,3230,500,2537,456,3675,2726,49,379,1730,1521,445,270,42,18.0,1.0,3.0,540,354,69,4,7,105,147,16,97,98,26
216,2021-11-01,77000,1243.0,792,316,246,4673,461,9908,645,4811,2284,3476,2098,438,274,287,431,4291,1494,1701,3835,117,6028,2076,4282,3545,324,2660,514,459,641,199,158,1517,1567,110,384,0,23,324,459,3081,513,2385,459,3542,2585,37,381,1624,1418,461,274,46,25.0,1.0,5.0,449,184,39,4,4,115,104,25,152,116,87
217,2021-11-08,79000,1268.0,792,316,246,4673,461,9908,645,4811,2284,3476,2098,438,274,287,431,4291,1494,1701,3835,117,6028,2076,4282,3545,324,2660,514,459,641,199,158,1517,1567,110,384,0,23,324,459,3081,513,2385,459,3542,2585,37,381,1624,1418,461,274,46,25.0,1.0,5.0,449,184,39,4,4,115,104,25,152,116,87
218,2021-11-15,78000,1235.0,792,316,246,4673,461,9908,645,4811,2284,3476,2098,438,274,287,431,4291,1494,1701,3835,117,6028,2076,4282,3545,324,2660,514,459,641,199,158,1517,1567,110,384,0,23,324,459,3081,513,2385,459,3542,2585,37,381,1624,1418,461,274,46,25.0,1.0,5.0,449,184,39,4,4,115,104,25,152,116,87
219,2021-11-22,72500,1244.0,792,316,246,4673,461,9908,645,4811,2284,3476,2098,438,274,287,431,4291,1494,1701,3835,117,6028,2076,4282,3545,324,2660,514,459,641,199,158,1517,1567,110,384,0,23,324,459,3081,513,2385,459,3542,2585,37,381,1624,1418,461,274,46,25.0,1.0,5.0,449,184,39,4,4,115,104,25,152,116,87
220,2021-11-29,64000,1261.0,792,316,246,4673,461,9908,645,4811,2284,3476,2098,438,274,287,431,4291,1494,1701,3835,117,6028,2076,4282,3545,324,2660,514,459,641,199,158,1517,1567,110,384,0,23,324,459,3081,513,2385,459,3542,2585,37,381,1624,1418,461,274,46,25.0,1.0,5.0,449,184,39,4,4,115,104,25,152,116,87
221,2021-12-06,61500,1279.0,884,332,222,5046,508,10249,659,5228,2371,4056,2262,531,395,299,437,5032,1715,1758,4299,172,6522,2050,4650,3481,348,3015,379,464,733,258,178,1677,1417,151,450,0,44,349,464,3020,379,2791,464,3482,2979,45,448,1784,1269,462,223,35,15.0,1.0,4.0,519,235,30,2,0,136,140,36,152,72,48
222,2021-12-13,60500,1290.0,884,332,222,5046,508,10249,659,5228,2371,4056,2262,531,395,299,437,5032,1715,1758,4299,172,6522,2050,4650,3481,348,3015,379,464,733,258,178,1677,1417,151,450,0,44,349,464,3020,379,2791,464,3482,2979,45,448,1784,1269,462,223,35,15.0,1.0,4.0,519,235,30,2,0,136,140,36,152,72,48
223,2021-12-20,61500,1312.0,884,332,222,5046,508,10249,659,5228,2371,4056,2262,531,395,299,437,5032,1715,1758,4299,172,6522,2050,4650,3481,348,3015,379,464,733,258,178,1677,1417,151,450,0,44,349,464,3020,379,2791,464,3482,2979,45,448,1784,1269,462,223,35,15.0,1.0,4.0,519,235,30,2,0,136,140,36,152,72,48
224,2021-12-27,62500,1319.0,884,332,222,5046,508,10249,659,5228,2371,4056,2262,531,395,299,437,5032,1715,1758,4299,172,6522,2050,4650,3481,348,3015,379,464,733,258,178,1677,1417,151,450,0,44,349,464,3020,379,2791,464,3482,2979,45,448,1784,1269,462,223,35,15.0,1.0,4.0,519,235,30,2,0,136,140,36,152,72,48
225,2022-01-03,63500,1419.0,853,312,249,4709,496,10125,607,4897,2242,4341,2027,544,374,288,536,5274,1662,1502,4180,119,6430,2129,4545,3420,340,3111,574,467,729,266,210,1803,1339,104,500,0,45,340,468,2973,574,2860,468,3418,3048,53,497,1892,1200,445,253,33,55.0,15.0,7.0,497,232,13,0,3,88,161,0,125,46,39
226,2022-01-10,63500,1422.0,853,312,249,4709,496,10125,607,4897,2242,4341,2027,544,374,288,536,5274,1662,1502,4180,119,6430,2129,4545,3420,340,3111,574,467,729,266,210,1803,1339,104,500,0,45,340,468,2973,574,2860,468,3418,3048,53,497,1892,1200,445,253,33,55.0,15.0,7.0,497,232,13,0,3,88,161,0,125,46,39
227,2022-01-17,63700,1296.0,853,312,249,4709,496,10125,607,4897,2242,4341,2027,544,374,288,536,5274,1662,1502,4180,119,6430,2129,4545,3420,340,3111,574,467,729,266,210,1803,1339,104,500,0,45,340,468,2973,574,2860,468,3418,3048,53,497,1892,1200,445,253,33,55.0,15.0,7.0,497,232,13,0,3,88,161,0,125,46,39
228,2022-01-24,62500,1287.0,853,312,249,4709,496,10125,607,4897,2242,4341,2027,544,374,288,536,5274,1662,1502,4180,119,6430,2129,4545,3420,340,3111,574,467,729,266,210,1803,1339,104,500,0,45,340,468,2973,574,2860,468,3418,3048,53,497,1892,1200,445,253,33,55.0,15.0,7.0,497,232,13,0,3,88,161,0,125,46,39
229,2022-01-31,62900,1290.0,853,312,249,4709,496,10125,607,4897,2242,4341,2027,544,374,288,536,5274,1662,1502,4180,119,6430,2129,4545,3420,340,3111,574,467,729,266,210,1803,1339,104,500,0,45,340,468,2973,574,2860,468,3418,3048,53,497,1892,1200,445,253,33,55.0,15.0,7.0,497,232,13,0,3,88,161,0,125,46,39
230,2022-02-07,65000,1299.0,835,326,257,5072,504,10157,677,5077,2318,3981,2163,467,415,295,415,5679,1612,1609,4200,136,6481,2144,4610,3715,321,3094,498,496,740,244,187,1646,1414,124,543,0,69,321,496,3236,498,2806,496,3713,3023,69,541,1746,1314,477,287,60,45.0,1.0,5.0,188,268,20,3,9,130,179,17,96,82,70
231,2022-02-14,65500,1306.0,835,326,257,5072,504,10157,677,5077,2318,3981,2163,467,415,295,415,5679,1612,1609,4200,136,6481,2144,4610,3715,321,3094,498,496,740,244,187,1646,1414,124,543,0,69,321,496,3236,498,2806,496,3713,3023,69,541,1746,1314,477,287,60,45.0,1.0,5.0,188,268,20,3,9,130,179,17,96,82,70
232,2022-02-21,69000,1298.0,835,326,257,5072,504,10157,677,5077,2318,3981,2163,467,415,295,415,5679,1612,1609,4200,136,6481,2144,4610,3715,321,3094,498,496,740,244,187,1646,1414,124,543,0,69,321,496,3236,498,2806,496,3713,3023,69,541,1746,1314,477,287,60,45.0,1.0,5.0,188,268,20,3,9,130,179,17,96,82,70
233,2022-02-28,78000,1291.0,835,326,257,5072,504,10157,677,5077,2318,3981,2163,467,415,295,415,5679,1612,1609,4200,136,6481,2144,4610,3715,321,3094,498,496,740,244,187,1646,1414,124,543,0,69,321,496,3236,498,2806,496,3713,3023,69,541,1746,1314,477,287,60,45.0,1.0,5.0,188,268,20,3,9,130,179,17,96,82,70
234,2022-03-07,77000,1314.0,784,284,233,5112,514,10288,529,5127,2400,4455,2260,490,460,296,540,5037,1441,1725,4130,122,6347,2096,4594,4330,378,3456,620,573,661,211,184,1607,1351,78,478,0,24,378,573,3816,621,3234,573,4331,3410,57,476,1694,1264,515,222,55,65.0,6.0,6.0,231,460,26,0,6,117,188,7,124,74,48
235,2022-03-14,74000,1326.0,784,284,233,5112,514,10288,529,5127,2400,4455,2260,490,460,296,540,5037,1441,1725,4130,122,6347,2096,4594,4330,378,3456,620,573,661,211,184,1607,1351,78,478,0,24,378,573,3816,621,3234,573,4331,3410,57,476,1694,1264,515,222,55,65.0,6.0,6.0,231,460,26,0,6,117,188,7,124,74,48
236,2022-03-21,67000,1313.0,784,284,233,5112,514,10288,529,5127,2400,4455,2260,490,460,296,540,5037,1441,1725,4130,122,6347,2096,4594,4330,378,3456,620,573,661,211,184,1607,1351,78,478,0,24,378,573,3816,621,3234,573,4331,3410,57,476,1694,1264,515,222,55,65.0,6.0,6.0,231,460,26,0,6,117,188,7,124,74,48
237,2022-03-28,69500,1324.0,784,284,233,5112,514,10288,529,5127,2400,4455,2260,490,460,296,540,5037,1441,1725,4130,122,6347,2096,4594,4330,378,3456,620,573,661,211,184,1607,1351,78,478,0,24,378,573,3816,621,3234,573,4331,3410,57,476,1694,1264,515,222,55,65.0,6.0,6.0,231,460,26,0,6,117,188,7,124,74,48
238,2022-04-04,69500,1339.0,746,294,261,4540,456,9291,582,4709,2148,3593,2061,370,358,267,379,3850,1347,1545,3841,140,5996,2025,4228,3453,296,2797,479,451,580,200,186,1343,1322,84,468,2,13,296,450,3015,479,2564,450,3454,2724,59,468,1444,1221,439,234,38,45.0,15.0,5.0,361,354,24,0,5,108,160,46,166,96,74
239,2022-04-11,67500,1320.0,746,294,261,4540,456,9291,582,4709,2148,3593,2061,370,358,267,379,3850,1347,1545,3841,140,5996,2025,4228,3453,296,2797,479,451,580,200,186,1343,1322,84,468,2,13,296,450,3015,479,2564,450,3454,2724,59,468,1444,1221,439,234,38,45.0,15.0,5.0,361,354,24,0,5,108,160,46,166,96,74
240,2022-04-18,64000,1285.0,746,294,261,4540,456,9291,582,4709,2148,3593,2061,370,358,267,379,3850,1347,1545,3841,140,5996,2025,4228,3453,296,2797,479,451,580,200,186,1343,1322,84,468,2,13,296,450,3015,479,2564,450,3454,2724,59,468,1444,1221,439,234,38,45.0,15.0,5.0,361,354,24,0,5,108,160,46,166,96,74
241,2022-04-25,61500,1253.0,746,294,261,4540,456,9291,582,4709,2148,3593,2061,370,358,267,379,3850,1347,1545,3841,140,5996,2025,4228,3453,296,2797,479,451,580,200,186,1343,1322,84,468,2,13,296,450,3015,479,2564,450,3454,2724,59,468,1444,1221,439,234,38,45.0,15.0,5.0,361,354,24,0,5,108,160,46,166,96,74
242,2022-05-02,58000,1237.0,806,318,286,5163,529,10457,687,4866,2303,4556,2363,393,427,297,347,4772,1862,1523,4127,138,6506,2251,4651,4002,335,3293,550,449,595,238,229,1684,1639,129,440,1,35,335,449,3664,549,3091,449,4001,3200,72,440,1819,1639,337,202,24,99.0,29.0,3.0,527,293,54,0,0,135,0,41,213,78,57
243,2022-05-09,56000,1238.0,806,318,286,5163,529,10457,687,4866,2303,4556,2363,393,427,297,347,4772,1862,1523,4127,138,6506,2251,4651,4002,335,3293,550,449,595,238,229,1684,1639,129,440,1,35,335,449,3664,549,3091,449,4001,3200,72,440,1819,1639,337,202,24,99.0,29.0,3.0,527,293,54,0,0,135,0,41,213,78,57
244,2022-05-16,54000,1210.0,806,318,286,5163,529,10457,687,4866,2303,4556,2363,393,427,297,347,4772,1862,1523,4127,138,6506,2251,4651,4002,335,3293,550,449,595,238,229,1684,1639,129,440,1,35,335,449,3664,549,3091,449,4001,3200,72,440,1819,1639,337,202,24,99.0,29.0,3.0,527,293,54,0,0,135,0,41,213,78,57
245,2022-05-23,50000,1189.0,806,318,286,5163,529,10457,687,4866,2303,4556,2363,393,427,297,347,4772,1862,1523,4127,138,6506,2251,4651,4002,335,3293,550,449,595,238,229,1684,1639,129,440,1,35,335,449,3664,549,3091,449,4001,3200,72,440,1819,1639,337,202,24,99.0,29.0,3.0,527,293,54,0,0,135,0,41,213,78,57
246,2022-05-30,46000,1153.0,806,318,286,5163,529,10457,687,4866,2303,4556,2363,393,427,297,347,4772,1862,1523,4127,138,6506,2251,4651,4002,335,3293,550,449,595,238,229,1684,1639,129,440,1,35,335,449,3664,549,3091,449,4001,3200,72,440,1819,1639,337,202,24,99.0,29.0,3.0,527,293,54,0,0,135,0,41,213,78,57
247,2022-06-06,43500,1141.0,719,321,302,4782,502,9719,660,4699,2150,4079,2435,360,417,286,232,4251,2040,1634,3804,117,6169,2257,4350,3652,340,2767,701,439,581,248,217,1401,1363,110,454,1,30,340,439,3654,702,2724,439,3654,2724,48,454,1482,1363,0,42,22,53.0,2.0,6.0,392,118,42,0,0,79,57,17,140,73,86
248,2022-06-13,42000,1127.0,719,321,302,4782,502,9719,660,4699,2150,4079,2435,360,417,286,232,4251,2040,1634,3804,117,6169,2257,4350,3652,340,2767,701,439,581,248,217,1401,1363,110,454,1,30,340,439,3654,702,2724,439,3654,2724,48,454,1482,1363,0,42,22,53.0,2.0,6.0,392,118,42,0,0,79,57,17,140,73,86
249,2022-06-20,43000,1120.0,719,321,302,4782,502,9719,660,4699,2150,4079,2435,360,417,286,232,4251,2040,1634,3804,117,6169,2257,4350,3652,340,2767,701,439,581,248,217,1401,1363,110,454,1,30,340,439,3654,702,2724,439,3654,2724,48,454,1482,1363,0,42,22,53.0,2.0,6.0,392,118,42,0,0,79,57,17,140,73,86
250,2022-06-27,44000,1111.0,719,321,302,4782,502,9719,660,4699,2150,4079,2435,360,417,286,232,4251,2040,1634,3804,117,6169,2257,4350,3652,340,2767,701,439,581,248,217,1401,1363,110,454,1,30,340,439,3654,702,2724,439,3654,2724,48,454,1482,1363,0,42,22,53.0,2.0,6.0,392,118,42,0,0,79,57,17,140,73,86
251,2022-07-04,45000,1134.0,709,315,227,4782,519,9958,632,4731,2039,4207,2577,315,429,242,224,4784,2081,1472,3850,130,6160,2189,4264,3764,335,2565,654,521,562,229,173,1314,1277,89,377,0,35,335,520,3701,654,2564,520,3701,2564,102,375,1375,1277,61,0,26,25.0,0.0,3.0,533,132,1,0,0,180,145,57,147,87,52
252,2022-07-11,45500,1137.0,709,315,227,4782,519,9958,632,4731,2039,4207,2577,315,429,242,224,4784,2081,1472,3850,130,6160,2189,4264,3764,335,2565,654,521,562,229,173,1314,1277,89,377,0,35,335,520,3701,654,2564,520,3701,2564,102,375,1375,1277,61,0,26,25.0,0.0,3.0,533,132,1,0,0,180,145,57,147,87,52
253,2022-07-18,47000,1137.0,709,315,227,4782,519,9958,632,4731,2039,4207,2577,315,429,242,224,4784,2081,1472,3850,130,6160,2189,4264,3764,335,2565,654,521,562,229,173,1314,1277,89,377,0,35,335,520,3701,654,2564,520,3701,2564,102,375,1375,1277,61,0,26,25.0,0.0,3.0,533,132,1,0,0,180,145,57,147,87,52
254,2022-07-25,47500,1170.0,709,315,227,4782,519,9958,632,4731,2039,4207,2577,315,429,242,224,4784,2081,1472,3850,130,6160,2189,4264,3764,335,2565,654,521,562,229,173,1314,1277,89,377,0,35,335,520,3701,654,2564,520,3701,2564,102,375,1375,1277,61,0,26,25.0,0.0,3.0,533,132,1,0,0,180,145,57,147,87,52
255,2022-08-01,47500,1200.0,785,255,176,4527,449,8824,626,4411,1936,4038,2534,496,429,284,329,4174,1936,1407,3550,122,5433,1771,4091,3142,298,2282,684,335,580,178,141,1460,1160,89,371,0,53,298,334,3140,684,2280,334,3140,2280,48,371,1460,1160,0,0,13,82.0,0.0,4.0,500,52,36,0,0,94,206,55,201,79,33
256,2022-08-08,49000,1198.0,785,255,176,4527,449,8824,626,4411,1936,4038,2534,496,429,284,329,4174,1936,1407,3550,122,5433,1771,4091,3142,298,2282,684,335,580,178,141,1460,1160,89,371,0,53,298,334,3140,684,2280,334,3140,2280,48,371,1460,1160,0,0,13,82.0,0.0,4.0,500,52,36,0,0,94,206,55,201,79,33
257,2022-08-15,47500,1211.0,785,255,176,4527,449,8824,626,4411,1936,4038,2534,496,429,284,329,4174,1936,1407,3550,122,5433,1771,4091,3142,298,2282,684,335,580,178,141,1460,1160,89,371,0,53,298,334,3140,684,2280,334,3140,2280,48,371,1460,1160,0,0,13,82.0,0.0,4.0,500,52,36,0,0,94,206,55,201,79,33
258,2022-08-22,46500,1230.0,785,255,176,4527,449,8824,626,4411,1936,4038,2534,496,429,284,329,4174,1936,1407,3550,122,5433,1771,4091,3142,298,2282,684,335,580,178,141,1460,1160,89,371,0,53,298,334,3140,684,2280,334,3140,2280,48,371,1460,1160,0,0,13,82.0,0.0,4.0,500,52,36,0,0,94,206,55,201,79,33
259,2022-08-29,46000,1255.0,785,255,176,4527,449,8824,626,4411,1936,4038,2534,496,429,284,329,4174,1936,1407,3550,122,5433,1771,4091,3142,298,2282,684,335,580,178,141,1460,1160,89,371,0,53,298,334,3140,684,2280,334,3140,2280,48,371,1460,1160,0,0,13,82.0,0.0,4.0,500,52,36,0,0,94,206,55,201,79,33
